"Plot_Nr" "Block" "Species_richness" "Functional_composition" "Nitrogen" "Fungicide" "Combination" "CWM_SLA" "MPD_SLA_abundance" "MPD_SLA_presence" "Aboveground_biomass" "Herbivory" "Pathogens" "Soil_respiration" "Plant_N_uptake" "Plant_P_uptake" "Belowground_biomass" "BGlucosidase" "Phosphatase" "Carbon_storage"
"1" 1 1 4 "M" 1 1 "41M" 23.6442874490138 0.122537885977009 0.122414008251408 42.0924559828591 1.34628442844284 51.2537698214266 4.6136373156 0.0479818050665376 0.0584637037839008 306.7559153 3.78006494 3.259596248 0.237666666666666
"2" 11 1 8 "S" 0 1 "83S" 16.6506752190269 0.0866896360011822 0.118277474014078 13.7792772467043 0.511684801628568 53.3814697049991 5.8575133447 0.135312826832789 0.0359968188857729 175.3188776 1.812129636 3.0182052742 -0.425336425
"3" 13 1 4 "F" 0 1 "41F" 22.8878394285109 0.145417112982363 0.105200185484333 11.7853689726371 0.583967797584819 62.341064468724 5.788826232 0.118627329249995 0.0239329876346231 190.23612 3.8961425814 3.1938053806 -0.172
"4" 15 1 4 "S" 0 0 "42S" 19.3780084898366 0.0536038668892877 0.0622698615470461 24.1545192902403 1.23019230769231 41.9245206745207 5.4326590396 0.0496052905615419 0.0362625407953584 541.824722 3.79374067575 3.7165558654 -0.0538885279999999
"5" 16 1 1 "S" 1 1 "Dc" 15.3631063826667 0 0 4.0222532336085 0.24 33.3333333333333 5.0758201406 0.0887585919204016 0.0553991043811458 127.7411247 3.1810370066 3.491216544 -0.423416915
"6" 17 1 1 "F" 1 0 "Ra" 33.6995061315556 0 0 3.31676443081878 1.90736842105263 58.3333333333333 4.0387381838 0.0907220208600747 0.0699860027994401 108.2208974 3.056559184 3.8960708454 -0.593
"7" 18 1 8 "M" 0 0 "83M" 20.5635360165526 0.0893160124848728 0.163740540976471 28.9891218247115 1.00442773165779 55.0385927425401 6.6747121586 0.0705444399770434 0.0462880541214171 581.8331685 2.3236497064 3.3678424924 -0.191028458
"8" 20 1 1 "F" 1 1 "Pt" 36.776782490056 0 0 8.84506287793953 0.68 40 6.3938168097 0.0581660875415871 0.0462419997989478 166.8397145 3.0120705695 4.2567913702 -0.345426147
"9" 21 1 20 "M" 0 0 "20sp" 17.2389794409159 0.164044807009979 0.171568193127 36.210427497888 0.419009754467482 43.7364721468015 5.7198568425 0.145256939602658 0.025566592985166 135.9824781 2.86535901525 3.570586205 NA
"10" 24 1 4 "F" 1 0 "49F" 21.4268475655624 0.110571075462173 0.181503131487708 23.0693153997345 0.962336677814939 92.5573265661366 5.9763126662 0.0743185705579667 0.0232974164829222 505.2171095 2.948560197 3.8794070696 -0.275102975
"11" 25 1 4 "S" 1 0 "48S" 18.5508505773213 0.105498571288608 0.104854344323653 46.229642905762 0.835304761904762 44.6150239940938 5.078864549 0.0867031479355693 0.0179940541386325 505.0600886 2.19393264833333 3.6009277718 -0.633333333
"12" 26 1 1 "F" 1 1 "Hl" 23.2742941973333 0 0 14.8117752422973 0.56 86.6666666666667 5.4393964697 0.0462857556468243 0.0139155416400139 237.6489028 3.074026797 4.5494373614 -0.449283754
"13" 30 1 1 "S" 1 0 "Am" 15.0900287726667 0 0 57.6507091158059 0.26 43.3333333333333 6.713463187 0.214689773226744 0.0373657169546941 139.7044954 3.2996640664 4.9810881262 -0.753663354
"14" 31 1 1 "F" 0 1 "As" 15.2844531862 0 0 1.73868693208991 0.18 58.3333333333333 4.5072175543 0.130673674812001 0.052432068586814 98.06472081 1.5868981616 3.5471181422 -0.390449496
"15" 32 1 1 "F" 1 0 "Lp" 20.9258567613333 0 0 25.9652406749212 0.78 100 6.20360137795 0.0384354489801414 0.0307981863290273 292.4468423 2.3723328908 4.64953922575 0.290221307
"16" 33 1 4 "M" 0 1 "45M" 19.3796281925253 0.225643087217961 0.322366496066105 67.0844411009055 1.20926843317972 34.8491728951597 4.5352541493 0.111822370724363 0.0294462104734817 198.5525893 2.19829161775 5.3905238322 -0.364
"17" 35 1 8 "M" 0 0 "810M" 20.9489241324819 0.113736724283408 0.163172881257114 14.2871156162293 0.688879800611759 74.8881311128734 4.6186695335 0.101787943739135 0.00886426592797784 136.7419355 3.4857202752 4.6229100662 -0.28508666
"18" 36 1 8 "F" 0 1 "83F" 21.665544563369 0.0490130861786726 0.172941061058341 21.080639446666 0.710869540715695 66.8697725788358 5.8415999525 0.255505746367199 0.0146675571969251 229.9389656 2.1149692704 4.233794708 -0.47718992
"19" 39 1 4 "M" 0 1 "49M" 17.3792013843302 0.120776050371159 0.114649726022589 17.2670510093853 0.365574912891986 61.7780962371836 7.4312766471 0.0834963662781397 0.0122136448334717 1515.631006 3.14970696375 4.48460406 -0.567287302
"20" 4 1 1 "F" 1 0 "Dg" 24.3210558706667 0 0 11.4199378800257 0.98 65 3.4666895858 0.0356071490089901 0.0753682768071257 98.87359199 2.46240129 3.9618664444 -0.788943134
"21" 40 1 8 "F" 1 0 "87F" 24.7283774889729 0.145782987630685 0.22273865156845 30.8372393032547 1.01482945736434 89.0529964221825 4.1882877083 0.0848985531655943 0.0108104736858518 161.6451613 3.8707496494 4.2355036312 -0.123704961
"22" 41 1 8 "S" 1 1 "82S" 18.8992171915648 0.168104946346816 0.127852459207589 78.6656047766918 0.563310313698939 38.7870497681978 4.7822704207 0.183447757311721 0.0222348377329927 1406.28752 2.9703642374 3.63850956225 -0.2335
"23" 42 1 4 "S" 1 0 "45S" 19.4848023099269 0.176297007686289 0.123798664698982 57.0128541649849 0.863513972518141 59.3071931093063 5.2353165148 0.07690032089807 0.014581755979922 136.6111467 3.03448781625 4.3190429184 -0.205179385
"24" 43 1 20 "M" 1 0 "20sp" 19.1952731858068 0.150233588597683 0.14875577137095 37.0156128236551 0.524649522341345 56.5031956091311 5.3353595301 0.0636430341736686 0.0387409200968523 284.3187661 3.279649747 4.5567995242 -0.488895965
"25" 44 1 8 "M" 0 1 "87M" 15.8647502827968 0.106232822804637 0.174533761019974 22.3558080262225 0.497945428872581 42.9864954245192 4.732943726 0.191854835194506 0.0199630097172886 276.3991046 2.22923583475 3.27039965 -0.621622847
"26" 45 1 1 "S" 1 1 "Be" 16.914695442 0 0 15.1717732876336 1.08 78.3333333333333 4.0964779814 0.0509958787933586 0.0265453166477057 223.1944003 1.9862594172 4.1143729614 -0.236
"27" 46 1 4 "S" 0 0 "410S" 15.842275668095 0.127679762299655 0.170519142857224 25.9176705607897 0.190160660008684 54.0343229490378 3.0905802412 0.220309104815402 0.0180245133381399 401.1568123 2.727767208 3.9429059316 -0.25142321
"28" 47 1 1 "S" 0 1 "Pg" 15.7011770586667 0 0 10.1901452850975 0.36 63.3333333333333 4.1950521124 0.157543095643036 0.0181799818200182 245.4545455 2.17227715475 3.0617815844 -0.528582731
"29" 48 1 8 "F" 1 1 "82F" 22.3238016034961 0.0833611222326087 0.122248570886102 31.850994097704 0.85671702284451 72.8930080809226 4.8513660777 0.0783861601122049 0.0228672296551862 278.2650758 2.5599906766 3.9885026055 -0.30564022
"30" 49 1 8 "M" 0 1 "89M" 16.6751893422577 0.105710956368051 0.132367335797664 19.8822371476144 0.547621079358432 61.3553387315476 4.08624880015 0.115289808728066 0.0109964840189255 226.0291734 2.4322636976 4.3093903548 NA
"31" 50 1 8 "S" 1 1 "88S" 17.2374635244272 0.0807999788667639 0.0881138747812319 53.6905786213786 0.933908206001473 31.9150701272412 4.5681194472 0.0578508797034178 0.0141787134358721 1287.151015 3.090490079 5.2777145856 0.106211278
"32" 52 1 1 "F" 1 0 "To" 20.7620683233333 0 0 19.9003067577084 1.48 100 4.6706341633 0.0643402673167253 0.0162506327090604 120.2093909 3.3046047884 4.4404917668 -0.38478966
"33" 53 1 4 "F" 0 1 "46F" 27.1973475216507 0.171012018433853 0.144741349997617 26.1870140620086 0.891722488038277 79.6388479941112 3.9327195485 0.148336752967884 0.0141983575081883 191.9463087 3.209853477 4.7454941724 -0.135
"34" 54 1 8 "S" 0 0 "87S" 17.372625593384 0.129357260690247 0.119435540848707 53.7893985663739 0.736095469044595 53.1146395025561 5.3668592551 0.145650759070444 0.0108920327256074 193.9618986 2.0750392672 4.6767545956 0.314490489
"35" 56 1 1 "S" 0 0 "Cj" 20.7989534146667 0 0 64.4342558621206 1.1 86.6666666666667 6.598834258 0.172377441353028 0.016120365394949 203.9546191 2.3465685356 2.942852091 0.176270743
"36" 58 1 4 "F" 0 0 "43F" 26.2806489402896 0.234279340022359 0.268159180633123 26.9434989319796 0.855 87.5193423597679 6.3802289687 0.271758368198018 0.0204619168897886 212.0089428 2.2447645676 4.7986350186 -0.330490316
"37" 59 1 20 "M" 1 0 "20sp" 20.5872024255855 0.144702858258475 0.156820981151693 33.4662045858251 0.592391003781138 65.8361557424057 5.2300249782 0.0820702231256459 0.0208419270098348 235.6354462 2.6273492402 4.908013188 -0.268956589
"38" 6 1 1 "S" 0 0 "Pm" 14.4518345153333 0 0 15.2250592109897 1.32 4.33333333333333 4.6280165338 0.0886872360380542 0.0426485865820985 253.973827 2.3801572412 4.1281486688 -0.678772879
"39" 60 1 1 "F" 0 1 "Cb" 21.6125769906667 0 0 29.0353091600276 0.52 66.6666666666667 4.342909129 0.294561803518189 0.0165556061421299 103.2227488 2.542380833 3.2779438395 NA
"40" 66 1 4 "M" 0 0 "410M" 17.0855006878803 0.157610528396842 0.142761794920645 52.6623750572879 0.689047619047619 49.7557606211452 5.6537005733 0.210935616560353 0.0182971456452793 201.2695313 2.2898940398 3.2859796652 -0.328871563
"41" 67 1 1 "S" 0 0 "Hp" 19.5112854086667 0 0 13.6612319926315 0.5 86.6666666666667 4.5748227736 0.0844068082440871 0.0158451891308745 377.1618625 3.315868486 4.8942224674 -0.50448594
"42" 68 1 4 "S" 0 0 "41S" 19.2020553673249 0.07996130724983 0.134892686016357 41.823911745013 0.734126942206426 79.1511520876426 5.9095042338 0.0742914162968739 0.0130969493691104 113.0587484 2.356466842 4.2143771352 -0.0821913420000002
"43" 69 1 8 "F" 1 1 "89F" 23.1518378152077 0.110128324792722 0.146943016205042 39.890530137281 0.582712359550562 77.8620900076278 6.4857163828 0.155902560282097 0.0138820029747149 141.6587528 2.5913571078 3.7103543042 -0.132
"44" 70 1 8 "M" 0 0 "82M" 19.4869528476961 0.101454882544231 0.194929456603469 28.728484982425 1.02967741935484 52.8221304094497 6.6544741857 0.122087157377951 0.0123446850763492 218.2820097 3.1528513972 4.8481118844 NA
"45" 71 1 1 "S" 0 1 "Fr" 12.8910008766667 0 0 24.8414629282356 0.24 68.3333333333333 5.1228842666 0.143210646698615 0.00822053452157423 587.4879071 3.628672639 4.231276743 -0.187640263
"46" 74 1 4 "F" 0 1 "42F" 22.7207855764717 0.0918730761387163 0.299646080712074 16.3043310706077 0.404173913043478 85.0247035573123 7.3994534311 0.109718428222363 0.0149165961475022 391.1274824 1.8471006904 3.1686243284 -0.342407101666667
"47" 75 1 4 "M" 1 0 "48M" 18.9047343964356 0.20747995020435 0.147992714066613 40.194834664949 0.679026629935721 47.7296440932805 4.1266029495 0.116413747161253 0.0166234588668342 477.3136247 2.1839352494 2.2351531046 -0.630607155
"48" 78 1 1 "F" 1 0 "Ga" 25.7863215126667 0 0 74.4113921905872 0.74 100 5.0784949354 0.0646434895685499 0.0150126169866164 274.3057772 3.1556127998 3.6502388404 -0.187688292
"49" 79 1 1 "S" 1 1 "Sp" 19.5922992346667 0 0 43.9409125698998 1.96 20 5.847291080625 0.143597082146242 0.0314940386284025 322.7818546 2.4959919692 3.662903153 0.302663081
"50" 8 1 1 "S" 1 0 "Ao" 23.3269845814771 0 0 6.33926974083264 0.24 52.3333333333333 4.6287249954 0.075881222513196 0.0525005048125463 113.5324015 3.02149964625 3.4546765956 -0.444567126
"51" 80 1 8 "F" 1 0 "81F" 21.5062224739916 0.0991310662108528 0.211332630663506 29.2100320696315 0.752307876609763 93.5484686122511 5.1873764956 0.0870793403133336 0.0197786314708455 275.0079592 2.990897998 3.9871342624 -0.437090906
"52" 81 1 1 "F" 0 1 "Hs" 12.265066079875 0 0 2.58360285547786 0.655 53.3333333333333 3.8840259319 0.134151896094817 0.026733561606211 100.4801536 1.9224723482 3.3403569005 -0.292
"53" 82 1 8 "S" 0 1 "81S" 16.4433487240681 0.116167955982379 0.123248712401004 28.8629931412476 0.66857841573631 40.6584030401151 3.6733521229 0.1509564944631 0.0184377389036291 133.4714696 2.5837921412 4.4827946994 -0.269289165
"54" 83 1 20 "M" 1 1 "20sp" 20.8545160841158 0.163194199063688 0.133156601234048 48.9634254240887 0.623921166552746 58.3292765781311 6.0538573132 0.199420648439317 0.033531473860692 406.4147348 2.210876857 3.3902041244 -0.399535202
"55" 100 2 8 "M" 0 1 "810M" 19.9559527586958 0.126835583826729 0.150082452695985 8.06638128608835 0.425161913250149 65.085463024161 7.0131585328 0.252369783390676 0.00655502317668909 307.5982821 2.5552838856 4.376671147 0.373990695
"56" 102 2 4 "F" 1 1 "41F" 23.4872271609271 0.124980499911287 0.10138824102863 46.7494062489137 0.731007234752308 81.9284951458916 7.40078636775 0.0878135933725574 0.00551880093954221 132.24149 1.8487937492 4.378671407 -0.366575586
"57" 106 2 4 "F" 1 1 "49F" 22.388606675012 0.107159875878528 0.164712913129352 15.9668934801026 0.370779220779221 60.0842911877395 4.9410760785 0.0555794000664266 0.00973665942427494 298.1651376 2.802518418 4.0787028222 -0.170534207333334
"58" 107 2 8 "M" 1 1 "83M" 20.8458110151653 0.136073811019691 0.161687863905094 36.7877299355434 0.632733616218765 53.5346633244355 6.2012088443 0.0651901844238233 0.00704950160023686 412.2864652 3.8002381982 4.2392474454 -0.227
"59" 108 2 4 "M" 0 1 "41M" 20.1727745958104 0.0589694635454542 0.0578926947848583 43.5933174147727 1.25082853654282 48.796578460444 6.801181545 0.134009767608255 0.00661723535300406 213.418316 2.934637378 4.023850474 0.333799474
"60" 109 2 4 "S" 0 1 "48S" 16.9338473255722 0.0939895026325937 0.0876002850636498 20.0594271270169 0.798333333333333 39.2579365079365 7.5083654131 0.166361167361171 0.00771525079269498 765.4083734 3.0914986554 4.45731123825 -0.289350974
"61" 110 2 8 "M" 0 1 "82M" 20.0519446414539 0.158019941871944 0.293879976370317 24.6676504577058 0.887794198139026 44.2949670289572 5.5359069884 0.170686686365471 0.00810294260122072 502.9291553 3.5350524222 4.4078530424 0.0800551970000001
"62" 113 2 1 "F" 1 1 "Cb" 20.0688026953333 0 0 32.8774060203019 0.8 70 5.8901967233 0.164347338610012 0.0076723889901218 304.1477867 4.2462024786 5.143204031 -0.0864462069999998
"63" 114 2 1 "F" 0 0 "Pt" 39.4972564790915 0 0 6.71873002518315 0.48 28.3333333333333 4.60398566 0.0427959983628238 0.0119074343383078 214.9832776 2.9328001702 4.890429337 -0.0287877910000001
"64" 115 2 1 "F" 1 1 "To" 21.35888478 0 0 13.591251923191 1.18 78.3333333333333 7.5421119436 0.0743359020618921 0.0101169283449094 110.0232327 3.627733382 5.2990111108 -0.116
"65" 117 2 20 "M" 0 0 "20sp" 19.0507224911615 0.146150673955838 0.140194228357816 15.0151871998771 0.52518100012036 58.4130628535999 4.6350490922 0.160021419457005 0.00741702206564065 1110.399472 2.333131488 4.2468869454 -0.480525079
"66" 119 2 1 "F" 0 0 "As" 19.114815922 0 0 7.21788419247009 0.56 70 5.0431052422 0.113428873343944 0.00992334720576769 166.7851373 2.25438739 2.9653722242 -0.0269999999999997
"67" 120 2 8 "S" 0 1 "82S" 17.3230962792985 0.121506004970028 0.125941549772432 13.680759136039 0.939742503894081 44.2692319549683 5.3131623889 0.409614622513283 0.0143177898538935 217.9308156 2.2645347734 3.5005214912 -0.312142651
"68" 121 2 1 "S" 0 1 "Hp" 15.1261710925333 0 0 16.5757085497577 0.8 76.6666666666667 5.212373901 0.115664131676149 0.0103747892620931 421.4382174 3.5306081466 3.669975594 0.131341095
"69" 122 2 8 "M" 0 0 "89M" 18.1353711784491 0.123269060717576 0.126235170906964 10.6151714480313 0.697706557800425 58.2648143818357 6.775712594 0.128063230148473 0.00655792836724399 256.2053723 3.1303229672 3.5272211802 0.0783780620000001
"70" 124 2 4 "S" 1 1 "45S" 23.1871997638288 0.20883805268998 0.1500925138044 85.1740481724487 1.05070744288873 55.5051458113807 5.1964860173 0.0646956769794203 0.0093718669630792 186.9202536 4.0878754402 4.1099664792 0.11923765
"71" 125 2 8 "S" 0 0 "83S" 19.1444205060721 0.0768073052334433 0.113976615859074 40.3098137011137 0.937675763374657 48.536001901161 4.8968515702 0.114996810345793 0.0137840725042214 2878.204692 1.9744677202 3.6225257448 -0.0371476559999997
"72" 126 2 1 "S" 0 1 "Sp" 20.708884254 0 0 23.5784789241859 1.62 10 6.559851887 0.267768093824779 0.00954872715467028 264.3432574 3.06928286475 4.299017969 0.350226923
"73" 127 2 4 "S" 0 1 "41S" 17.9753478288009 0.12775118273216 0.144989853238881 66.4400831243662 0.709505042189751 62.8208974328205 4.7928746893 0.0806125082326424 0.0196823362475397 122.4730128 2.8873518132 7.1086189176 0.167
"74" 129 2 1 "F" 0 0 "Dg" 23.0203561706667 0 0 16.6705794749242 1.36 91.6666666666667 3.6171697055 0.126560724405948 0.0107787658313123 79.37806874 2.6641494068 4.4449956082 -0.0522265350000004
"75" 130 2 1 "F" 1 0 "Hl" 27.0871723806667 0 0 27.2518542203451 0.7 85 4.5526196576 0.0828577260716182 0.0142124128705939 171.7277487 3.3398151404 4.7225229214 0.0427932680000001
"76" 134 2 1 "S" 0 1 "Am" 13.1740870020667 0 0 21.5885026877708 0.1 43.3333333333333 5.7433906054 1.10251984738356 0.0141307919815971 2426.281635 3.2699226056 3.967369391 0.316033966
"77" 135 2 8 "F" 0 0 "87F" 23.5517982419918 0.174275469792954 0.222936597148819 16.8048450763824 0.600526474004236 82.6376195691858 5.4466574569 0.117325760029541 0.0163937113723176 150.2256609 2.877704558 3.84599432775 -0.089
"78" 136 2 8 "F" 0 0 "83F" 22.1184599365041 0.0852751264708022 0.115829038640593 9.36622403542062 0.657199546485261 93.3648427754119 5.0421707764 0.235648145420861 0.00809270451297416 176.1359922 3.2732197558 2.940361054 -0.00490068666666676
"79" 137 2 4 "M" 1 0 "410M" 17.170215588368 0.160185331499493 0.134945960931615 18.9898082272572 0.371598797228088 47.5045697871785 6.4692908863 0.197380488285974 0.0220248834321329 494.5502298 3.3605329538 3.9230372354 -0.115548909
"80" 138 2 4 "M" 0 0 "48M" 18.0884893797676 0.207353406425862 0.229746057819332 24.5390856711512 0.66703947368421 53.8495276653171 4.8604651208 0.0645259280788 0.0156859507543704 388.7319317 2.5639058852 3.5430479232 0.177524086
"81" 140 2 4 "F" 0 1 "43F" 26.6686721033627 0.14017602790548 0.205247874432462 34.9638151454759 0.701416102136529 82.2878295894106 6.4925280661 0.0717045011501992 0.0122891881291672 274.2105263 3.4686400424 3.199967115 -0.0659999999999998
"82" 142 2 4 "F" 1 0 "46F" 25.5525233781344 0.0969746005174531 0.149963337562193 73.9095359111386 0.574666666666667 99.337416056166 6.1292590095 0.0508940152157169 0.014200428910914 270.7097634 2.6167011112 6.0166776958 0.06078245
"83" 144 2 4 "M" 1 1 "49M" 18.6186605667552 0.078818618543492 0.0905253236879321 37.2766588055219 0.769082568807339 83.3537206931702 5.0477487532 0.10172144734662 0.0102972251123577 383.7660204 3.8076879688 6.2313712666 -0.0107491880000001
"84" 146 2 1 "F" 1 1 "Ga" 24.99033317 0 0 80.2281312086163 0.48 98.3333333333333 6.1069273392 0.0601562489004981 0.00836842919126409 882.7152531 2.4448512496 6.06819665 0.034110552
"85" 148 2 1 "S" 0 1 "Be" 16.3374092446667 0 0 17.1476281660413 0.34 73.3333333333333 6.5825740315 0.0974484487961024 0.00708337321719154 551.366815 2.7255389718 3.8942060848 0.177920649
"86" 149 2 4 "S" 1 1 "42S" 18.2654106685937 0.0714495575150186 0.0802162019345163 36.6208418225042 1.106 36.6239837398374 5.2419845514 0.132839278691601 0.00943496134554102 1106.645057 1.9173273774 4.011326546 0.468888651
"87" 150 2 8 "S" 1 1 "87S" 18.775798605268 0.132401231549727 0.111303275066193 76.7317888110433 0.487122844827586 37.8761631089217 5.3959437123 1.37872058385397 0.00984642315003487 672.0853859 1.80424840133333 4.57833629975 -0.0535601319999999
"88" 152 2 4 "M" 1 1 "45M" 18.1898646990965 0.138108873613691 0.138108873613691 33.5744891181473 1.12845070422535 30.0746268656716 5.7514297426 0.109077727796556 0.0113487250416711 668.1967213 3.5375740382 4.6972774872 0.0328244930000001
"89" 155 2 8 "S" 0 0 "88S" 14.5461618651097 0.0987707268755497 0.115597448133012 23.4186677088262 0.315745047372954 41.0802450812145 6.2880184137 0.135646207844794 0.010444886901459 1008.077053 3.4719729976 4.1931959308 1.5
"90" 156 2 1 "F" 1 0 "Hs" 16.2759245076667 0 0 5.80040587277748 1.12 86.6666666666667 6.2956096171 0.123805535735655 0.0162490986828074 91.9205298 3.7125484096 4.6575906786 -0.0634358110000002
"91" 157 2 4 "S" 1 1 "410S" 16.3436191933568 0.0562744571304293 0.0837250190390619 44.0226116904477 0.107472563472563 29.4385438543854 6.2730970955 0.444865758544031 0.022391299380812 376.4022569 2.7294784342 5.2718115054 -0.122641199
"92" 158 2 20 "M" 0 1 "20sp" 18.7422888081326 0.134937339778362 0.181020168731429 45.1959613401187 0.891928220539791 56.3170200434763 5.8312596672 0.179867910726038 0.0165064925537378 239.904502 2.8822185182 5.7945119186 0.492225933
"93" 159 2 4 "F" 0 0 "42F" 20.2555957752387 0.176691642716523 0.166688655454968 26.9866353854479 0.543989535094028 95.7670754490801 4.945388965 0.149564450281008 0.0101094567103079 218.2820856 4.280735405 6.077749407 0.236
"94" 164 2 1 "S" 0 1 "Pm" 14.4158348891333 0 0 16.9215643754596 0.86 30 6.925058065 0.324253436739073 0.0164530061013231 415.037087 2.7765365352 2.903723881 -0.270107963
"95" 166 2 20 "M" 1 1 "20sp" 20.8195109155112 0.158587316065258 0.131126367192043 30.7135413475666 0.732321078431373 46.1659781890284 9.5930228366 0.314031565833767 0.0218626085092702 517.616241 2.7470278956 4.6729290956 0.471270575
"96" 167 2 1 "F" 0 1 "Ra" 28.42585458 0 0 1.34548569005252 2.18 50 5.9002637319 0.119670994129893 0.0256843528218993 146.4160561 3.1398391564 4.22053295925 -0.413
"97" 86 2 8 "F" 0 1 "82F" 23.5502627746895 0.109246802503574 0.111577020455709 13.7573115340003 0.648180795100402 56.7579915340826 7.5949564184 0.135508852936019 0.0100001923113906 218.8797364 3.406953519 4.039631054 -0.026283023
"98" 88 2 1 "S" 1 0 "Pg" 16.746721456 0 0 17.5113113311331 0.42 73.3333333333333 6.0001317293 0.0670072261621228 0.0102465577969901 401.6715831 2.4117307085 4.02693942 0.126129937
"99" 89 2 8 "F" 1 1 "81F" 21.7567731536965 0.08328496331708 0.18082581812312 18.2743744493933 0.634942683644701 62.9479219001981 6.4774209523 0.119153405695023 0.0148902935723566 237.3467463 2.6424494592 4.0067143978 -0.271718901
"100" 90 2 8 "M" 0 0 "87M" 16.1243449415663 0.148419572626063 0.158192342516497 8.37791398522646 0.371676197879074 47.3138838516662 5.2418388444 0.0658539146427044 0.0118793503480278 644.5216293 3.3046646374 5.6047089244 -0.462976014
"101" 91 2 1 "S" 1 1 "Ao" 19.4948947886667 0 0 8.83139453136972 0.24 45 5.2943945413 0.0651764124193826 0.0112786666109695 72.33375157 3.10442328825 4.6482519578 -0.272
"102" 93 2 1 "F" 0 0 "Lp" 18.5185907566667 0 0 13.2325491892326 0.76 100 4.930212342 0.0855727654248676 0.00894737823177438 332.21589 3.3017023732 4.0527433848 -0.352501661
"103" 94 2 8 "F" 1 0 "89F" 23.8954774880475 0.101080593329608 0.112251561110788 36.4154316701317 0.62839649122807 88.313961323361 6.4170638459 0.0705836852760056 0.00897004006617896 110.5404498 3.3190724204 4.0785097994 -0.428883592
"104" 95 2 1 "S" 0 0 "Dc" 15.8309373347333 0 0 0.738974815270936 0.06 23.3333333333333 4.5143383443 0.172738298688124 0.00924959367856341 107.4499508 2.0773739335 4.5026968076 -0.234
"105" 96 2 1 "S" 0 1 "Cj" 19.86287084 0 0 44.5691522712189 1.38 65 6.3397128852 0.334137014589368 0.00813118308713918 339.5179927 3.8489604838 5.9946830064 -0.271241963
"106" 97 2 1 "S" 1 1 "Fr" 14.2847514037333 0 0 48.4989465873751 0.4 51.6666666666667 6.86663456445 0.0251988510028671 0.00530356601676937 421.3997308 2.9935062172 5.0016763524 0.2080781
"107" 98 2 8 "S" 1 0 "81S" 16.7015828148 0.113152947662918 0.100784900721852 43.480157846686 0.292274774774775 48.3289473684211 6.0378970829 0.209312375049827 0.00519659510051458 660.2514845 3.6109208184 5.7735036486 0.173
"108" 99 2 20 "M" 1 0 "20sp" 20.030152923553 0.143573045117881 0.166946598349856 60.1112954080293 0.492618358588947 61.145290666124 6.439802122 0.0387183674418 0.00858018386108274 294.9642625 3.3408192402 5.8725954414 -0.627
"109" 169 3 1 "F" 0 1 "Dg" 23.354109502 0 0 22.250783410278 0.82 86.6666666666667 4.1599196235 0.145121136397146 0.00826063970393867 174.7923323 1.884593064 3.8046333576 -0.338
"110" 171 3 20 "M" 0 1 "20sp" 19.5790788051269 0.151689288109538 0.198988864735996 27.1801451781987 0.796040293040293 57.5324438338676 5.8087681355 0.139688826833635 0.0110756888629458 114.1578779 2.5677385336 3.6523680958 -0.494595139
"111" 172 3 4 "M" 1 0 "49M" 20.1650952025421 0.107710778123893 0.0930687078604633 36.0945254328369 0.748013090229079 72.3289699236403 5.52543325545 0.112941297479405 0.0176941224740999 198.8849952 2.4999287964 3.183169773 -0.149073907
"112" 174 3 8 "S" 1 0 "82S" 17.3926192998369 0.150652865991906 0.120583334829146 45.000496134226 0.729532396759592 49.7979562704377 4.6826656519 0.0200923010362171 0.0156471744114115 172.4073497 2.39178710325 3.8094850308 0.0298350959999998
"113" 176 3 1 "S" 1 0 "Dc" 16.7508541093333 0 0 11.8841127925849 0.4 23.3333333333333 3.5527745043 0.0465658305151849 0.019003020122841 446.2616822 2.257626153 4.8127373648 -0.149859784
"114" 178 3 1 "S" 1 0 "Pm" 14.4685556553333 0 0 29.3349296309054 0.94 5.66666666666667 5.5274889497 0.155768914999552 0.0228360156589822 515.6494523 3.0574788926 3.9034132404 0.031098268
"115" 180 3 8 "S" 1 0 "88S" 16.0493228382212 0.103946483394849 0.115862022019728 42.990429245283 0.469121553398058 30.054298672526 5.7958014772 0.0900646653819447 0.0238682904336977 179.8479087 2.0866852736 4.2437974098 -0.508655155
"116" 181 3 4 "S" 1 0 "42S" 20.0836865090566 0.0884170824731581 0.09352191210745 28.9853571864468 0.858 53.622641509434 4.6562281456 0.078231168109222 0.0244593918505754 175.4119138 2.3661328162 2.920637003 -0.346
"117" 182 3 1 "F" 0 1 "Ga" 27.1321962553333 0 0 31.5308162656592 0.36 75 7.2643591596 0.102516833176797 0.0157653026252656 235.0982879 3.171642409 3.6123685992 0.316117058
"118" 183 3 8 "F" 1 0 "83F" 22.6463988774311 0.12296101918004 0.181836157397199 37.2261579005618 0.865770308123249 87.8513071895425 4.3535847449 0.16002230436863 0.00635992270247792 342.0545746 3.4531624978 5.0199346594 0.0773733070000002
"119" 184 3 4 "F" 1 1 "43F" 26.9373863971514 0.0930504523858671 0.141956278217524 53.8216524021364 0.848313725490196 76.1857514089973 5.4615277809 0.0814595533358101 0.00797420517976632 158.40625 2.4743519572 4.0742261078 -0.601220336
"120" 185 3 8 "M" 1 1 "89M" 18.4329854371608 0.113283588118744 0.094975265028497 38.3022789274322 1.11589463692454 51.860288745816 5.408457981 0.0590619073073163 0.00874272214884949 270.9050351 2.8551877504 3.5261289526 -0.178
"121" 189 3 8 "M" 1 1 "82M" 21.080114584162 0.174213235690204 0.204127684010848 56.7298800869639 1.05673753614806 41.2772412772413 5.6642058045 0.0878077861047193 0.0180764318695353 304.7484277 2.9008252908 4.1378630138 -0.422
"122" 190 3 20 "M" 1 1 "20sp" 19.3088376273794 0.146931342692322 0.148909689160407 61.7558162232916 0.592968975468976 42.6539715010053 5.653469613 0.0647690133178156 0.0189654783138787 2585.537583 3.074896758 4.7723004948 -0.131273124
"123" 191 3 4 "M" 0 1 "410M" 14.7753797696875 0.176897411612792 0.148714516527973 27.4347405757174 0.332234105763518 34.233682983683 6.5317547016 0.170776019492164 0.0183504944438781 627.3617694 1.4720388096 4.876715565 0.0452119949999998
"124" 195 3 4 "M" 1 1 "48M" 21.5557320560291 0.194432796491703 0.14148960504908 25.5650649983278 0.687033183352081 53.9204027355623 4.0738697544 0.0686734118684349 0.0204687851027184 430.9737249 3.0236551462 6.5032836918 -0.259730191
"125" 197 3 1 "F" 1 1 "Lp" 21.044399046 0 0 31.2106334139421 0.96 81.6666666666667 7.0423740398 0.0634875057957782 0.00656267944826616 136.0860081 3.3391567588 4.136178034 -0.158
"126" 198 3 1 "S" 0 0 "Sp" 19.18886709 0 0 36.0119406116795 1.62 40 5.0293982518 0.186016509919814 0.0058200957785327 208.5353703 2.8338202506 3.3368112042 -0.342542203
"127" 199 3 1 "S" 0 0 "Fr" 14.5809532187 0 0 44.1036137221071 0.64 55 5.48086044025 0.0617489058243363 0.00637280934678704 519.0106693 2.25581173325 3.906486875 0.085393743
"128" 200 3 4 "F" 0 0 "46F" 27.273916172523 0.21180275990137 0.268159180633123 5.18331572769953 0.676 78.9930555555556 4.6110136778 0.105209177397969 0.0093620315608487 114.6293245 2.950888094 5.0491027866 -0.168232878
"129" 201 3 4 "S" 1 0 "410S" 15.0010448696015 0.0958811612241958 0.132123555252635 45.3114152610576 0.197979797979798 49.811843929491 5.6351097364 0.0895727541693747 0.0132972829218563 203.923445 2.9807302078 4.1170662834 -0.329
"130" 202 3 1 "F" 1 0 "Cb" 21.1506656313333 0 0 22.1407997472012 1.22 100 7.2663131799 0.114956796751694 0.014934016031209 305.8236273 3.3896387978 4.7441425106 0.769005525
"131" 204 3 8 "S" 1 0 "83S" 20.7451929703087 0.148381113827293 0.136966296741113 34.5256743892592 1.28967919799499 43.5889904356794 5.4685209828 0.138206115525023 0.0186160731968155 736.3024672 3.0651442026 4.664369661 0.234284258
"132" 205 3 8 "F" 0 1 "81F" 22.3236438524163 0.122497480583652 0.180668443217999 11.1879627209398 0.512184426060831 72.255376344086 7.3434730593 0.178006685397762 0.0187108242118065 133.0043183 2.8450288994 2.9660348216 -0.141
"133" 206 3 8 "F" 0 1 "87F" 26.0581206410795 0.141173446455178 0.215884028659511 34.410438349055 0.373834586466165 66.988196988197 5.2500142541 0.121214916048691 0.0299284320104099 456.2041467 2.5007361234 3.8169655048 1.47551229
"134" 207 3 4 "M" 0 0 "41M" 20.7675869188274 0.0521903443006121 0.0651951140435258 43.6686059940903 0.905132157952637 64.6407774580275 5.3262550503 4.56998313659359 0.0328189372250541 180.2252816 2.3747599482 3.0257631666 0.184127676
"135" 208 3 4 "S" 1 1 "41S" 19.8163084974192 0.208466558060502 0.178509772254049 40.0550521285681 0.61010101010101 58.564768129474 7.328034223 0.11073966447243 0.0417173648531201 259.0039478 2.9226277778 3.707948361 0.0443150586666667
"136" 210 3 1 "F" 1 0 "As" 18.567825065 0 0 37.8415643210956 0.62 63.3333333333333 4.3223967029 0.0630277538974955 0.047034018570328 939.4174156 2.8146362754 3.455424825 0.29378102
"137" 211 3 8 "S" 0 0 "81S" 16.259393046087 0.132266869179312 0.124457445480781 38.539003772676 0.628915425990858 46.2552631578947 4.9249119271 0.122035686212279 0.0112597115011698 272.9404309 4.0486807406 3.6583672722 -0.150613805
"138" 212 3 1 "F" 0 1 "To" 21.4588111626667 0 0 30.816640282365 1.12 80 5.7611337399 0.157276089047458 0.0152974117325685 147.7827763 2.6575415726 3.382196971 0.012677311
"139" 215 3 4 "M" 1 0 "45M" 18.7391025926988 0.300100460963954 0.404824322800244 36.1063766521129 0.810708898944193 61.4002279914811 4.7236872797 0.100571652035172 0.011627619306796 355.715658 2.4314584756 4.0468225918 -0.127677291
"140" 216 3 1 "S" 1 0 "Hp" 19.66939743 0 0 35.6424331810677 0.82 90 4.5290945015 0.0928019766931128 0.0148809523809524 367.2626387 2.8725546698 4.4638494084 0.131570018
"141" 218 3 4 "F" 0 0 "49F" 22.7516213472309 0.162792870830481 0.178805904690102 25.5495331031397 0.911269841269841 87.5168764823937 5.1202096829 0.101483878588507 0.0274788184108083 782.2144448 2.089151798 3.5778446276 -0.290307363
"142" 219 3 1 "F" 0 0 "Hl" 24.5015214206667 0 0 26.5267384350363 0.78 100 5.2556731048 0.070593788613936 0.0312935814143338 147.3601999 1.734176048 3.3508414176 -0.233185051
"143" 222 3 8 "M" 1 1 "87M" 17.4757836419905 0.125470893478821 0.132364036718588 39.2074654790774 0.372042267276065 58.5260863350486 8.0842087626 0.097301234620516 0.0371517027863777 220.7066052 2.3579853536 4.191829438 -0.081083499
"144" 224 3 1 "S" 1 0 "Be" 16.52894293 0 0 25.6430889283291 1.02 80 6.0283818544 0.0339903849322385 0.035901554159384 128.9360394 1.4533219816 3.9987812416 -0.369060664
"145" 225 3 4 "S" 0 1 "45S" 18.1074431214714 0.118978807244074 0.104402016179003 43.9221084838049 1.14363921568627 53.1778711484594 5.246301534 0.128497120666254 0.0164591383998855 222.7900996 3.00272055 3.433112365 -0.24
"146" 228 3 8 "F" 1 0 "82F" 25.5552192127805 0.106411193134206 0.142391564893876 10.0837881797287 0.740727283337577 87.2037037037037 5.0840739369 0.0231225383428014 0.0234000234000234 422.8671107 3.328609867 4.0840812972 0.33223115
"147" 229 3 1 "S" 1 1 "Am" 16.3204645273333 0 0 60.4734407197345 0.22 43.3333333333333 6.0865286241 0.160455918488848 0.0203893875724196 546.7604712 3.007815014 1.875433194 0.451666667
"148" 230 3 8 "S" 0 1 "87S" 18.3636993207344 0.104686903206968 0.115535573877462 30.463071677134 0.664266072092159 40.1422912413726 5.5562142927 0.0931371835564309 0.0276497695852535 499.0247074 2.7497384222 3.4207618634 0.0357938089999998
"149" 231 3 8 "M" 1 0 "83M" 22.3987329089423 0.186387862791187 0.254700973284696 44.4279984459984 1.23036055231963 46.1572199374319 5.5296702985 0.0814958545815855 0.0277777777777778 402.852459 2.753489563 4.5605534216 -0.150979553
"150" 232 3 1 "F" 1 0 "Pt" 36.249997802 0 0 11.6512830653357 0.86 45 4.6032521195 0.032739448804093 0.0244448031732122 312.7721807 3.0348310294 3.2519477856 0.102285796
"151" 233 3 20 "M" 1 1 "20sp" 20.120734181409 0.145380717280362 0.152341082598314 43.290153240134 0.673005952380952 48.8086434510054 3.9239887603 0.0574038714899121 0.0365864812951614 509.9447514 2.3754506138 3.304477983 0.895
"152" 234 3 1 "S" 1 1 "Cj" 25.1573413953333 0 0 49.37557626057 1.48 63.3333333333333 7.32594680925 0.0890418844385179 0.0450876955678795 359.3508997 2.3325869812 5.4370913308 -0.100046577
"153" 235 3 4 "F" 0 0 "41F" 26.6641115035681 0.105824600440146 0.117340638062653 39.8466221943379 0.338771929824561 81.4035087719298 4.7468942939 0.0465466361711481 0.0283587380361574 151.3915858 1.668263129 3.9790074402 -0.298405701
"154" 237 3 4 "F" 1 1 "42F" 25.1272379629941 0.117346244417954 0.192830868048013 31.498069702487 1.24914285714286 87.2662635147517 4.5155380626 0.0265801174777148 0.0456165359942979 368.9686644 3.04752241975 3.5207131084 -0.114
"155" 241 3 8 "M" 1 0 "810M" 23.7419983590795 0.137138930467579 0.156237900968563 60.8757436198132 0.606512543039843 82.9897660818714 3.5044691292 0.0327448363965233 0.0466957669272155 210.6477093 2.8156736614 4.463743362 -0.00999999999999979
"156" 242 3 1 "S" 0 0 "Ao" 25.3623913713333 0 0 18.8984024667932 0.64 83.3333333333333 3.8992008779 0.0652800848574504 0.0476281196418365 83.46129239 2.5399473208 4.434744723 -0.509255327333333
"157" 243 3 8 "F" 0 0 "89F" 22.7384207996068 0.144473804992551 0.201001374339194 38.3931906309928 0.819567669172932 85.2072019763881 5.3282479292 0.127951613716879 0.051296941540844 630.1767256 3.1432717236 5.4693204148 0.375314499
"158" 244 3 4 "S" 1 1 "48S" 18.2280394242632 0.0783485446306527 0.0646295825780521 42.5531738612489 1.29269467213115 32.3517759562842 6.89827191385 0.105377631859646 0.044769185285298 132.9800899 2.3228689306 4.4226548136 0.0316111959999996
"159" 247 3 20 "M" 0 0 "20sp" 21.2583053329296 0.111451383283222 0.166970227242134 57.7633436637336 1.78046224489796 68.5141186299081 9.1827390545 0.0933629612687367 0.0650747256383389 273.7055838 2.9245234038 5.203844717 1.169424771
"160" 248 3 1 "F" 1 1 "Ra" 35.2474810173333 0 0 21.477457169978 1.82 73.3333333333333 5.7852075181 0.075884770285913 0.0515557163531114 101.1165846 2.9114234552 3.0273126246 0.527078647
"161" 250 3 1 "S" 0 0 "Pg" 20.4268831173333 0 0 18.4700223834243 0.68 70 6.4486304283 0.059430909882053 0.0439824070371851 381.1234487 3.5181831928 4.7513340294 -0.135542634
"162" 251 3 1 "F" 1 1 "Hs" 14.5563040222 0 0 6.2071336722488 0.92 66.6666666666667 6.39135294186667 0.0297139026209707 0.0630396053172537 142.1471806 2.2838200286 3.7340015808 -0.0714904820000002
"163" 253 4 4 "M" 0 0 "45M" 18.3853666640814 0.146212237301503 0.293115236619043 34.625103820483 0.609541778975741 56.5073444911093 5.9250412078 0.0951604646050885 0.0083697016799187 312.5042017 5.4382502014 6.750920773 0.159882278
"164" 256 4 4 "S" 0 0 "48S" 18.5644626603395 0.0793184177699195 0.0910343230471173 33.8443945622406 0.988092440266353 52.1435099695969 4.3983776928 0.185957562725756 0.00760016522098307 257.5970549 3.2333215856 3.545060632 -0.262899797
"165" 258 4 8 "S" 0 0 "82S" 14.9536080430124 0.114328390860066 0.127697807302315 26.3713215794678 0.354666666666667 50.4304972763559 4.844653024625 0.19913792717902 0.00969921879118214 517.0120321 2.621804805 4.9564319832 0.269972596
"166" 260 4 4 "M" 1 1 "410M" 17.0671254242049 0.104234532326502 0.138384229939435 34.2313397919996 0.159949723479135 32.0283036451261 5.411412078875 0.489567993061856 0.0115275131154869 787.6178096 2.5175043072 5.2364323585 0.014906759
"167" 262 4 1 "S" 1 1 "Pg" 14.984097576 0 0 16.1623863547239 0.4 60 4.3339661686 0.133940353933832 0.0422003042347515 1088.261997 2.2438762126 3.5215347618 0.0367323379999998
"168" 263 4 8 "F" 0 0 "81F" 24.0661829017612 0.190171917192067 0.20799068532515 16.045661173889 0.499321241793702 89.156072907585 4.3927612798 0.071816315520452 0.0300899198768413 118.7830688 2.9801136398 5.5079488304 1.107
"169" 266 4 4 "S" 1 0 "41S" 20.926322042258 0.198569834726456 0.17266847535332 72.8385500248446 0.962203346203346 67.8372941381791 6.6275010854 0.120957359387701 0.0258732212160414 330.8876515 3.407586554 6.0875401998 -0.566635898
"170" 267 4 8 "F" 1 1 "87F" 25.1733163714998 0.163939517981164 0.195943133520182 17.380637839591 0.583997739446656 74.439253998609 4.6951977245 0.17871004140299 0.034102833158447 243.4811166 2.739269 4.30722606575 0.0600000000000001
"171" 268 4 8 "M" 1 0 "87M" 15.9754826268435 0.101542411869577 0.160671514607546 49.3056711309524 0.177993193971804 63.9785153936097 7.7239816744 0.169655876389015 0.0306065664997218 220.4893964 4.276764868 5.52925104075 -0.161878191
"172" 269 4 8 "M" 1 0 "89M" 18.2214102785487 0.116417277797117 0.120092194706113 15.3509463629526 0.716037669548106 58.8796018403864 5.5291904887 0.040774040769593 0.0294656888423258 765.2217075 3.1929697098 5.3637685512 -0.25581227
"173" 271 4 8 "S" 1 1 "83S" 21.2913615247273 0.179249315531233 0.129211171165131 28.3122778191138 0.808068580542265 53.5229553060772 7.9745599051 0.212831663168627 0.0263334991368464 408.1349206 4.3867535488 3.2247618684 -0.224
"174" 273 4 4 "M" 1 0 "41M" 22.3251350020943 0.115221271833729 0.0947232613619834 33.8080228064603 0.99707476635514 73.6060606060606 6.6403231999 0.154592522839964 0.00988370870397241 335.8667529 4.4930420252 3.7221919022 0.0819162069999999
"175" 274 4 1 "S" 1 1 "Pm" 15.077011346 0 0 26.0152136438446 1.12 30 6.2270525152 0.168624211468413 0.0109770953534759 619.7141929 3.1740163388 4.6205644072 -0.333720313666666
"176" 275 4 1 "S" 1 0 "Fr" 11.7731922826 0 0 29.7014991631306 0.62 61.6666666666667 5.6505850924 0.0702789412092997 0.0271770556262288 937.0633894 3.1205570468 2.962781914 0.256666667
"177" 278 4 1 "S" 0 1 "Ao" 22.973893536 0 0 9.53084266650902 0.84 46.6666666666667 4.7878715067 0.2028656067167 0.013174765618567 176.8698517 2.4132673602 4.7413921912 -0.232517824
"178" 279 4 1 "S" 1 0 "Sp" 23.1589372266667 0 0 21.7879706253905 1.92 86.6666666666667 5.2951025393 0.412000004039431 0.0342114266164899 181.2439261 2.9178365056 3.4826006616 0.0369999999999999
"179" 281 4 1 "S" 0 0 "Am" 12.6526275622 0 0 17.59135122723 0.06 58.3333333333333 6.5889344072 0.124954806256273 0.0141731390668405 245.2050265 2.8659039478 6.1552485046 -0.25474843
"180" 282 4 8 "S" 0 1 "88S" 16.4416457441026 0.126790009688326 0.133080868060681 14.4332256835597 0.573600654664485 41.7928160896739 7.311047797 0.207763481502935 0.0260763748044272 290.8053691 3.3567440804 5.015901606 0.296782653
"181" 284 4 4 "S" 0 0 "45S" 18.2940204759085 0.123955269420419 0.0896027335746997 33.6888728624907 0.885865436787846 64.4338151927438 4.5396371256 0.173630213782094 0.0162127733492888 585.8815657 3.0138431884 6.2533166288 0.263386118
"182" 286 4 1 "F" 0 0 "Cb" 22.1131215353333 0 0 13.8907253837719 0.52 98.3333333333333 4.9772436472 0.183588778720514 0.00950660709192889 110.1104787 2.7476799898 2.8646118624 0.0737726250000001
"183" 287 4 4 "F" 0 1 "49F" 22.7031859499896 0.131362624527643 0.250523578736857 21.8123608521068 0.278183812239526 77.9747037162589 4.9917997247 0.0595677572985228 0.0105173584220138 244.3857332 3.9625055002 3.6917631365 0.155
"184" 289 4 4 "F" 1 0 "42F" 23.2363969380333 0.203642290386506 0.257880125628712 17.6935659816283 0.436711159211159 98.0848861283644 5.3982791249 0.0250513119132809 0.0139930298869997 930.2393273 2.125837207 3.79812530825 0.651403124
"185" 290 4 20 "M" 0 0 "20sp" 18.9140184983481 0.122975211895626 0.148994218560572 35.9994303659818 0.427534026363734 64.880938858249 3.9351339873 0.152494359087895 0.0221215632571368 1138.269943 3.256106592 3.82541661525 0.360753415
"186" 291 4 8 "M" 1 0 "82M" 21.7763678566256 0.152649607718625 0.217162228954146 29.8406686813807 0.675458480913026 68.2629180505136 6.2758355687 0.186866958887562 0.0262991794656007 320.5103359 2.139710058 4.15750079525 0.036
"187" 292 4 1 "F" 0 1 "Pt" 42.1854730323333 0 0 8.24457230299893 1.12 31.6666666666667 4.8306805881 0.0252673926123804 0.0170745589072282 199.5309883 2.4607036364 4.8598248618 -0.11845497
"188" 294 4 1 "F" 0 1 "Lp" 21.909748986 0 0 10.9814731679517 0.52 66.6666666666667 4.05709692 0.0739777859294807 0.0203415688434971 262.1567314 3.4933903562 5.0544012264 -0.63
"189" 295 4 20 "M" 0 1 "20sp" 17.5885467418669 0.128065796497655 0.151687923117946 18.7848375821989 0.537240548230647 48.5354541123843 5.5919585323 0.158635854300863 0.0368731563421829 221.0352786 2.64436142525 6.0304584194 -0.157
"190" 297 4 4 "F" 1 1 "46F" 26.2342344696808 0.0923922825775944 0.16539341196123 35.4671943814722 0.41796992481203 75.5503206361421 7.234810594875 0.0741782379361414 0.00893543627787129 30.50293926 3.6566087626 6.1171822414 -0.193900774
"191" 298 4 1 "F" 1 1 "Dg" 25.6345085033333 0 0 56.1519039142968 0.98 85 7.3545565979 0.0915407904200903 0.0125680770842061 192.6911418 2.5666960422 3.9495724262 -0.0365480639999998
"192" 299 4 1 "F" 0 1 "Hl" 23.0077561573333 0 0 32.3198492575515 0.34 83.3333333333333 3.8608920958 0.0267324226236879 0.0156717977293306 75.84005376 2.62357673825 3.3140547652 -0.02
"193" 304 4 8 "F" 0 0 "82F" 26.1551188734036 0.126646825998542 0.123355614972759 22.5470847902184 0.228433829915789 86.6550631386158 5.6558943494 0.134649925915676 0.0322627951312509 169.8449357 4.7442657202 5.8384691164 0.251031268
"194" 305 4 4 "F" 1 0 "41F" 24.8413924320547 0.11466026775181 0.121842281255833 43.2688372572088 0.322277227722772 86.1504007543612 4.1675737718 0.0467115585801626 0.0246085550917996 197.5790833 3.0067502984 4.3986986798 -0.063414479
"195" 307 4 8 "S" 1 1 "81S" 19.7366994619977 0.137896400404631 0.103701540202654 41.9134631839132 0.57668085676436 48.8584536853829 5.073237887125 0.0809914703478877 0.0127935406834594 754.5364892 3.5732202562 3.5444137202 -0.162
"196" 308 4 20 "M" 1 0 "20sp" 19.9605317636423 0.162483419402709 0.139495477610916 24.8720952318576 0.354683369202428 64.7793242765222 6.2186462193 0.129408940503177 0.0257275170087474 97.16150082 3.9179134308 3.9995177098 -0.120153552
"197" 309 4 4 "S" 0 1 "410S" 13.7309889349373 0.0819275029632567 0.123018366511801 24.8457969445463 0.0616842105263158 34.8486842105263 5.0446200249 0.100762331913304 0.0121396054628225 154.4253633 3.110461667 3.6131267754 -0.0675634340000002
"198" 310 4 4 "M" 0 1 "48M" 18.2450862648773 0.235999364813869 0.1890870680329 38.125498684795 0.725337331334333 39.9012032445316 4.9864913568 0.0718941317002717 0.0190183191162075 257.6719577 2.887160478 4.607227967 -0.00617838633333312
"199" 312 4 4 "S" 0 1 "42S" 17.5748472630542 0.096944289245277 0.0938637229556808 35.9620898630265 0.886352657004831 35.656462106441 4.73523838315 0.166119962177803 0.0140224664299105 370.7831325 2.8961296148 3.4875635312 -0.140801991
"200" 313 4 1 "F" 0 0 "Ra" 34.3485599186667 0 0 3.28456198240166 2.62 70 4.3933493468 0.132315887858807 0.0209224916785544 110.6644518 2.1961212208 4.7126071398 -0.227036388
"201" 315 4 1 "F" 1 1 "As" 18.897730333 0 0 24.1513055174565 0.32 63.3333333333333 5.3504315657 0.0299192118331276 0.015312051404744 128.5479091 3.3438986408 4.3174100806 0.145
"202" 317 4 8 "F" 0 1 "89F" 24.5781310300996 0.12476645428856 0.150081318289166 38.2909586543178 0.417904761904762 74.7824125571623 6.5175953734 0.155583837591956 0.0176039119804401 149.7514087 2.51919253775 4.8812427146 -0.0989156539999998
"203" 318 4 1 "F" 0 0 "To" 21.3899288766667 0 0 12.4796588728463 0.76 100 6.0045291297 0.10666591975425 0.0185811931780476 85.26554404 4.7628487574 4.537899839 -0.425069916
"204" 321 4 1 "S" 0 1 "Dc" 17.7187692927667 0 0 4.62454860107786 0.54 25.3333333333333 3.8320554982 0.0869595016501659 0.022600797424362 98.75573019 2.5746979698 4.7652954192 -0.246322337
"205" 322 4 4 "M" 0 0 "49M" 20.4645133607654 0.0933995644582835 0.0998177848341933 20.214755313428 0.287739251040222 87.4500436636359 5.0308766526 0.0397358776159903 0.00878541620909291 522.0558882 4.0256377292 7.4713248526 0.144587267
"206" 323 4 8 "F" 1 1 "83F" 22.3188367619876 0.0834175428614337 0.147023490989507 24.3622526508579 0.52693947144075 69.4233505073394 5.5212195709 0.1342576344377 0.0440271350914237 1215.221843 2.7881334736 4.5415804356 0.0669999999999997
"207" 325 4 8 "M" 0 1 "83M" 20.2774143154865 0.150118724081312 0.270580731587307 39.0451349460487 1.1674925224327 41.6760155579772 9.1005986754 0.102576860766908 0.0119697074327279 273.0550918 2.6343982678 5.2475189094 -0.339913488
"208" 326 4 4 "F" 1 0 "43F" 23.667586083972 0.146562715054156 0.180345053437038 39.7629777383502 0.417866972477064 69.0831635848769 4.4567974531 0.0513344381604871 0.011727078891258 156.2126246 3.7250431928 3.6952865544 -0.254699651
"209" 327 4 1 "S" 1 0 "Cj" 22.0729426062222 0 0 30.7365007483662 0.92 71.6666666666667 5.2569279296 0.11731593940576 0.0185783351278316 492.3333333 3.5208350088 4.572269031 -0.0949999999999998
"210" 328 4 20 "M" 0 1 "20sp" 19.2781389244622 0.134006930834439 0.159435561089386 35.038622852274 0.742642461997625 53.4714313372212 5.0112024646 0.113493236247716 0.0158334050425953 209.8492462 2.8577918016 4.6780247676 -0.366082268
"211" 329 4 1 "F" 0 0 "Hs" 14.1353386565 0 0 0.735177053329842 1.16 73.3333333333333 4.1187913727 0.131256159106515 0.0175635327019469 9.774182676 3.8466077828 3.1959711398 -0.106804456
"212" 330 4 1 "S" 1 1 "Hp" 17.097438424 0 0 39.385168637056 0.36 71.6666666666667 5.2923393749 0.0994039104669126 0.0238252812706817 212.2330097 3.5400333034 4.962433898 -0.314610955
"213" 333 4 8 "M" 1 1 "810M" 18.1436008785908 0.12651611261673 0.128859094969124 13.2728072960178 0.424405127340192 68.2188017743573 3.7502539064 0.117757413487506 0.0439308566517047 188.9067009 3.7598552232 6.550883825 -0.319856727
"214" 334 4 1 "F" 0 0 "Ga" 28.543126266 0 0 10.8747068256526 0.12 88.3333333333333 4.1767949446 0.105045362476028 0.0460680886350025 283.0374753 2.37732483125 3.0296752574 -0.115976315
"215" 335 4 1 "S" 0 0 "Be" 16.8250301845333 0 0 19.6412803511623 0.92 75 4.942043416 0.150575614224929 0.0501981505944518 490.3235843 2.5193647824 2.34575972975 -0.869
"216" 336 4 8 "S" 1 0 "87S" 18.4420643018384 0.154185483110063 0.12214196551664 40.6968120704215 0.437110805860806 61.8901006612871 5.4255601411 0.0884771409832312 0.0408299308390967 459.5612312 4.4105954586 5.4605382266 -0.0629999999999997
