"Plot_Nr" "CS_SLA" "CS_LDMC" "MPD_2_ab" "MPD_2_pre" "MPD_SLA_ab" "MPD_SLA_pre" "Block" "SD" "FC" "Ni" "Fz" "Comb"
"1" 1 23.6442874490138 209.724553075436 0.127001740179269 0.1631809906312 0.122537885977009 0.122414008251408 1 4 "M" 1 1 "41M"
"2" 2 16.9603890551411 208.159158644355 0.1798111730143 0.193526577397126 0.16601915990874 0.137637197624521 1 4 "M" 0 1 "42M"
"3" 3 21.7813573307711 221.019316058938 0.147763816859465 0.179378173203378 0.0918794164302161 0.106379933146096 1 8 "M" 1 0 "85M"
"4" 4 24.3210558706667 279.998749926667 0 0 0 0 1 1 "F" 1 0 "Dg"
"5" 5 21.3073700718545 286.589861072285 0.181870184563898 0.280001989394644 0.171291298887996 0.195683071881614 1 4 "M" 0 0 "43M"
"6" 6 14.4518345153333 186.357525073333 0 0 0 0 1 1 "S" 0 0 "Pm"
"7" 7 25.7568427981281 289.739106459523 0.097871293206988 0.101220296865066 0.108366622292681 0.123251646079895 1 4 "F" 1 1 "47F"
"8" 8 23.3269845814771 294.790370890746 0 0 0 0 1 1 "S" 1 0 "Ao"
"9" 9 21.5577227897608 225.3942043779 0.163413716663906 0.126576348123648 0.0348645391122606 0.0412775046084503 1 4 "F" 0 1 "44F"
"10" 10 22.701389386502 210.311379636069 0.117962636173283 0.16984316720325 0.130438838919317 0.143649554604118 1 4 "S" 1 0 "47S"
"11" 11 16.6506752190269 220.207894902056 0.109178956065241 0.21167998074092 0.0866896360011822 0.118277474014078 1 8 "S" 0 1 "83S"
"12" 12 24.3395744422265 189.476496000769 0.174342176449093 0.24545217376505 0.155547858096348 0.132580812393163 1 8 "F" 0 1 "85F"
"13" 13 22.8878394285109 186.746224942763 0.160727691755819 0.195754108016828 0.145417112982363 0.105200185484333 1 4 "F" 0 1 "41F"
"14" 14 15.6132636534009 233.826269953527 0.150067629156454 0.136269370470504 0.118970882513247 0.0933775707188625 1 4 "M" 1 0 "46M"
"15" 15 19.3780084898366 225.711347690123 0.090460724900636 0.13470644935478 0.0536038668892877 0.0622698615470461 1 4 "S" 0 0 "42S"
"16" 16 15.3631063826667 259.644798786667 0 0 0 0 1 1 "S" 1 1 "Dc"
"17" 17 33.6995061315556 115.510550436 0 0 0 0 1 1 "F" 1 0 "Ra"
"18" 18 20.5635360165526 227.066729974862 0.133572873060124 0.226275568820802 0.0893160124848728 0.163740540976471 1 8 "M" 0 0 "83M"
"19" 19 22.6721756728301 238.97927351817 0.151747890378461 0.252109033674861 0.0998166996857916 0.22162047720775 1 4 "F" 1 0 "48F"
"20" 20 36.776782490056 336.427363493246 0 0 0 0 1 1 "F" 1 1 "Pt"
"21" 21 17.2389794409159 226.220060008502 0.162789935379079 0.221099644380068 0.164044807009979 0.171568193127 1 20 "M" 0 0 "20sp"
"22" 22 20.7518372150376 211.330487660783 0.143154387613597 0.163277638341496 0.119588806713521 0.105972810547086 1 4 "S" 1 0 "43S"
"23" 23 17.2318672097355 221.12026488031 0.154701624985829 0.231451661284599 0.161599278710467 0.130235010408916 1 4 "S" 0 1 "44S"
"24" 24 21.4268475655624 221.207031615081 0.192205904574886 0.210933550962601 0.110571075462173 0.181503131487708 1 4 "F" 1 0 "49F"
"25" 25 18.5508505773213 228.13661652094 0.149270586243999 0.161533973218987 0.105498571288608 0.104854344323653 1 4 "S" 1 0 "48S"
"26" 26 23.2742941973333 301.072994946667 0 0 0 0 1 1 "F" 1 1 "Hl"
"27" 27 21.9289747294249 277.966691693676 0.286386632395146 0.32353937581995 0.270845646704507 0.291883973959025 1 4 "F" 0 0 "45F"
"28" 28 19.915979575202 217.895266964059 0.184305222840637 0.205284308156952 0.146275887193934 0.109138713608354 1 8 "S" 1 0 "85S"
"29" 29 15.8331923771967 222.963772922145 0.117618179892961 0.186184952021909 0.123696210601067 0.0996700018178416 1 8 "S" 0 1 "89S"
"30" 30 15.0900287726667 231.444737793333 0 0 0 0 1 1 "S" 1 0 "Am"
"31" 31 15.2844531862 245.76210573 0 0 0 0 1 1 "F" 0 1 "As"
"32" 32 20.9258567613333 283.193641933333 0 0 0 0 1 1 "F" 1 0 "Lp"
"33" 33 19.3796281925253 241.524665969733 0.348144657006167 0.386205807833277 0.225643087217961 0.322366496066105 1 4 "M" 0 1 "45M"
"34" 34 21.2074232192064 231.801120716142 0.1522294280084 0.196327854277051 0.117931857691794 0.151372250489278 1 8 "M" 1 0 "81M"
"35" 35 20.9489241324819 230.852797901034 0.191227436205269 0.232919545364098 0.113736724283408 0.163172881257114 1 8 "M" 0 0 "810M"
"36" 36 21.665544563369 221.778844037897 0.141416415234996 0.20945919920176 0.0490130861786726 0.172941061058341 1 8 "F" 0 1 "83F"
"37" 37 15.0173839204974 248.285854778517 0.223461467647797 0.200084329923327 0.0676159384084913 0.148142667920238 1 4 "S" 0 0 "49S"
"38" 38 20.9747289093164 212.700194201775 0.181774823898176 0.187969101905039 0.107932177660452 0.126066512341323 1 4 "M" 0 0 "44M"
"39" 39 17.3792013843302 233.115218718478 0.219160977596312 0.221470183102261 0.120776050371159 0.114649726022589 1 4 "M" 0 1 "49M"
"40" 40 24.7283774889729 220.428371154715 0.207471975312663 0.28247497532057 0.145782987630685 0.22273865156845 1 8 "F" 1 0 "87F"
"41" 41 18.8992171915648 232.257212691459 0.191093896325072 0.193521742974771 0.168104946346816 0.127852459207589 1 8 "S" 1 1 "82S"
"42" 42 19.4848023099269 204.303042756292 0.164862047762409 0.24499151059213 0.176297007686289 0.123798664698982 1 4 "S" 1 0 "45S"
"43" 43 19.1952731858068 233.456352717729 0.164843508924593 0.188098008705837 0.150233588597683 0.14875577137095 1 20 "M" 1 0 "20sp"
"44" 44 15.8647502827968 221.819870820258 0.13820613378536 0.226888584891658 0.106232822804637 0.174533761019974 1 8 "M" 0 1 "87M"
"45" 45 16.914695442 329.873061266667 0 0 0 0 1 1 "S" 1 1 "Be"
"46" 46 15.842275668095 267.337076033937 0.164839808847372 0.161482208262692 0.127679762299655 0.170519142857224 1 4 "S" 0 0 "410S"
"47" 47 15.7011770586667 211.79139598 0 0 0 0 1 1 "S" 0 1 "Pg"
"48" 48 22.3238016034961 224.063278897137 0.15012103741972 0.185238784743589 0.0833611222326087 0.122248570886102 1 8 "F" 1 1 "82F"
"49" 49 16.6751893422577 221.708924369945 0.139006500925353 0.192671634572317 0.105710956368051 0.132367335797664 1 8 "M" 0 1 "89M"
"50" 50 17.2374635244272 239.421120328202 0.154515830119597 0.164933521931589 0.0807999788667639 0.0881138747812319 1 8 "S" 1 1 "88S"
"51" 51 19.3785840447498 231.35792462642 0.141688590157936 0.179185235383615 0.118806000375213 0.121639177262856 1 8 "S" 1 1 "84S"
"52" 52 20.7620683233333 212.8257188 0 0 0 0 1 1 "F" 1 0 "To"
"53" 53 27.1973475216507 194.44835157675 0.257694359335217 0.257036865043456 0.171012018433853 0.144741349997617 1 4 "F" 0 1 "46F"
"54" 54 17.372625593384 222.00066347202 0.130826071954515 0.177686079388286 0.129357260690247 0.119435540848707 1 8 "S" 0 0 "87S"
"55" 55 13.422987602609 223.371127900515 0.124552483187359 0.217378950588417 0.069693156965356 0.192055269623231 1 4 "S" 0 0 "46S"
"56" 56 20.7989534146667 212.002218026667 0 0 0 0 1 1 "S" 0 0 "Cj"
"57" 57 18.8325385820711 224.536866867169 0.168279927342726 0.192982692366421 0.145530392699618 0.124604635967753 1 8 "S" 1 0 "86S"
"58" 58 26.2806489402896 252.11188804724 0.349681795635252 0.334217925045257 0.234279340022359 0.268159180633123 1 4 "F" 0 0 "43F"
"59" 59 20.5872024255855 224.874737420093 0.166064564012208 0.204650515534041 0.144702858258475 0.156820981151693 1 20 "M" 1 0 "20sp"
"60" 60 21.6125769906667 177.243707666667 0 0 0 0 1 1 "F" 0 1 "Cb"
"61" 61 22.6968850234685 223.431590210682 0.155061459312863 0.212357371626956 0.103215089769343 0.175959059227873 1 8 "F" 1 0 "84F"
"62" 62 18.1886745788787 229.010822115616 0.133785739784476 0.192897788822393 0.106869954831847 0.125250701684478 1 8 "S" 0 0 "810S"
"63" 63 21.9975859380809 205.921743280864 0.131717054703994 0.15958241505249 0.0522699769412424 0.0735107460021148 1 8 "F" 0 1 "88F"
"64" 64 23.3082135129674 194.838108322702 0.16206888641159 0.188877658994623 0.136461901595952 0.0868976503579832 1 4 "F" 0 1 "410F"
"65" 65 22.7868596938605 209.634285336574 0.147083735868707 0.238067972594602 0.0873641070493 0.172479239397216 1 8 "F" 0 1 "810F"
"66" 66 17.0855006878803 233.657283128613 0.133133880247732 0.15131843247997 0.157610528396842 0.142761794920645 1 4 "M" 0 0 "410M"
"67" 67 19.5112854086667 296.2733863 0 0 0 0 1 1 "S" 0 0 "Hp"
"68" 68 19.2020553673249 237.071812199289 0.144583114796836 0.190311321143896 0.07996130724983 0.134892686016357 1 4 "S" 0 0 "41S"
"69" 69 23.1518378152077 212.494364159916 0.174053753733829 0.228861292887344 0.110128324792722 0.146943016205042 1 8 "F" 1 1 "89F"
"70" 70 19.4869528476961 221.338892946542 0.121437013012387 0.219689817054781 0.101454882544231 0.194929456603469 1 8 "M" 0 0 "82M"
"71" 71 12.8910008766667 342.74260574 0 0 0 0 1 1 "S" 0 1 "Fr"
"72" 72 19.7193608699843 220.301664683966 0.160298814963898 0.195693957761291 0.11704812455676 0.151004039412278 1 8 "M" 0 0 "86M"
"73" 73 17.4148667390529 226.658351798485 0.15960503204547 0.215758541458309 0.0952739209113391 0.148026372905144 1 8 "M" 1 0 "88M"
"74" 74 22.7207855764717 295.979558957188 0.0914204648230513 0.281382240090702 0.0918730761387163 0.299646080712074 1 4 "F" 0 1 "42F"
"75" 75 18.9047343964356 202.990532439272 0.200342589487736 0.246563005457495 0.20747995020435 0.147992714066613 1 4 "M" 1 0 "48M"
"76" 76 18.7711002200277 223.505560286752 0.137789813399701 0.151334393558962 0.129283971250971 0.129439518488665 1 8 "M" 1 1 "84M"
"77" 77 15.4801529052106 225.860504904469 0.19318645238854 0.210553136630393 0.243405309970271 0.200311530004656 1 4 "M" 0 1 "47M"
"78" 78 25.7863215126667 200.14395472 0 0 0 0 1 1 "F" 1 0 "Ga"
"79" 79 19.5922992346667 225.93691388 0 0 0 0 1 1 "S" 1 1 "Sp"
"80" 80 21.5062224739916 214.905369185837 0.122896986815853 0.267324879807398 0.0991310662108528 0.211332630663506 1 8 "F" 1 0 "81F"
"81" 81 12.265066079875 349.2555787625 0 0 0 0 1 1 "F" 0 1 "Hs"
"82" 82 16.4433487240681 220.231977990008 0.1352359838313 0.203336497460045 0.116167955982379 0.123248712401004 1 8 "S" 0 1 "81S"
"83" 83 20.8545160841158 226.063130109586 0.180117505098282 0.19446590679276 0.163194199063688 0.133156601234048 1 20 "M" 1 1 "20sp"
"84" 84 23.7974089976125 213.893116788538 0.146795699969477 0.190719872353199 0.106128095582281 0.138588263209691 1 8 "F" 1 0 "86F"
"85" 85 18.2120225374956 221.567526036268 0.118775471155238 0.169167382948063 0.10042164105588 0.0972659707347201 2 8 "S" 0 0 "84S"
"86" 86 23.5502627746895 195.781577449595 0.13292780679195 0.204072933211365 0.109246802503574 0.111577020455709 2 8 "F" 0 1 "82F"
"87" 87 20.6009489055993 210.782470361593 0.205412176626812 0.261647702216207 0.184291588891383 0.190891949102495 2 8 "M" 1 1 "88M"
"88" 88 16.746721456 219.781341593333 0 0 0 0 2 1 "S" 1 0 "Pg"
"89" 89 21.7567731536965 203.791711129982 0.121422397331797 0.235033574880899 0.08328496331708 0.18082581812312 2 8 "F" 1 1 "81F"
"90" 90 16.1243449415663 220.085884899715 0.160545486878321 0.199505921981232 0.148419572626063 0.158192342516497 2 8 "M" 0 0 "87M"
"91" 91 19.4948947886667 311.339580895333 0 0 0 0 2 1 "S" 1 1 "Ao"
"92" 92 22.4033734334241 224.022977291759 0.228922117733713 0.207955670556637 0.200080781688088 0.13426085969992 2 4 "S" 1 1 "43S"
"93" 93 18.5185907566667 298.073607286667 0 0 0 0 2 1 "F" 0 0 "Lp"
"94" 94 23.8954774880475 213.832872033671 0.160000553017585 0.166739934465153 0.101080593329608 0.112251561110788 2 8 "F" 1 0 "89F"
"95" 95 15.8309373347333 257.200228726667 0 0 0 0 2 1 "S" 0 0 "Dc"
"96" 96 19.86287084 210.059044786667 0 0 0 0 2 1 "S" 0 1 "Cj"
"97" 97 14.2847514037333 293.96279196 0 0 0 0 2 1 "S" 1 1 "Fr"
"98" 98 16.7015828148 241.898310692125 0.168447969363597 0.176273705978795 0.113152947662918 0.100784900721852 2 8 "S" 1 0 "81S"
"99" 99 20.030152923553 225.45567549947 0.16457971420554 0.210947480887524 0.143573045117881 0.166946598349856 2 20 "M" 1 0 "20sp"
"100" 100 19.9559527586958 209.691168412316 0.197573148404368 0.239899399459507 0.126835583826729 0.150082452695985 2 8 "M" 0 1 "810M"
"101" 101 20.3604344185579 234.099085372336 0.224709796767966 0.18643113923932 0.116691163235438 0.121043133862163 2 4 "F" 0 0 "44F"
"102" 102 23.4872271609271 196.755153305826 0.125557676344631 0.179610870255608 0.124980499911287 0.10138824102863 2 4 "F" 1 1 "41F"
"103" 103 22.7883081701959 206.01098956912 0.172952167979783 0.26973739539356 0.111087105106566 0.225527778264647 2 8 "F" 0 1 "86F"
"104" 104 19.6717584757099 271.846993780365 0.114736428480484 0.116348836348053 0.101350785254042 0.101215815659188 2 4 "F" 1 0 "45F"
"105" 105 14.8592518157196 224.257360568546 0.171256538118789 0.208207029393969 0.173978671865173 0.166825130487783 2 8 "M" 0 1 "84M"
"106" 106 22.388606675012 254.362379833182 0.191213619402043 0.194126677527764 0.107159875878528 0.164712913129352 2 4 "F" 1 1 "49F"
"107" 107 20.8458110151653 234.236346272633 0.201414999192224 0.206744466415796 0.136073811019691 0.161687863905094 2 8 "M" 1 1 "83M"
"108" 108 20.1727745958104 215.275559824131 0.086838664266949 0.108409497529899 0.0589694635454542 0.0578926947848583 2 4 "M" 0 1 "41M"
"109" 109 16.9338473255722 232.69730128846 0.174827073783875 0.176385459762719 0.0939895026325937 0.0876002850636498 2 4 "S" 0 1 "48S"
"110" 110 20.0519446414539 215.405618452126 0.1552633895306 0.301698803157112 0.158019941871944 0.293879976370317 2 8 "M" 0 1 "82M"
"111" 111 21.0272713171892 287.366903303031 0.195712117628426 0.268495471399684 0.203981196393398 0.222794649641361 2 4 "M" 1 1 "43M"
"112" 112 13.917228477756 225.688041605507 0.144225192281373 0.212224310702934 0.111790723688727 0.149310123849959 2 4 "S" 0 1 "46S"
"113" 113 20.0688026953333 201.945536306667 0 0 0 0 2 1 "F" 1 1 "Cb"
"114" 114 39.4972564790915 333.459238390204 0 0 0 0 2 1 "F" 0 0 "Pt"
"115" 115 21.35888478 193.713763266667 0 0 0 0 2 1 "F" 1 1 "To"
"116" 116 23.8515858284864 212.762432311367 0.160109652180355 0.180074989474978 0.111647668258619 0.122981166761271 2 4 "F" 1 0 "410F"
"117" 117 19.0507224911615 233.644604191143 0.160929378981281 0.192051052840492 0.146150673955838 0.140194228357816 2 20 "M" 0 0 "20sp"
"118" 118 17.809439587185 237.56878553742 0.155714790436944 0.179870470726274 0.12681713509748 0.12100129165125 2 8 "S" 0 0 "86S"
"119" 119 19.114815922 238.12079705 0 0 0 0 2 1 "F" 0 0 "As"
"120" 120 17.3230962792985 235.782149713662 0.196033203404552 0.216430311731682 0.121506004970028 0.125941549772432 2 8 "S" 0 1 "82S"
"121" 121 15.1261710925333 329.562676806667 0 0 0 0 2 1 "S" 0 1 "Hp"
"122" 122 18.1353711784491 223.227471893051 0.180193420697967 0.183565737769331 0.123269060717576 0.126235170906964 2 8 "M" 0 0 "89M"
"123" 123 20.2281976176678 256.363802805297 0.207255035145041 0.186840775151664 0.0895883590674259 0.10818261745175 2 8 "M" 0 0 "85M"
"124" 124 23.1871997638288 204.912386258772 0.217213964649876 0.251565253862028 0.20883805268998 0.1500925138044 2 4 "S" 1 1 "45S"
"125" 125 19.1444205060721 236.587441679237 0.145995252508835 0.18627509747366 0.0768073052334433 0.113976615859074 2 8 "S" 0 0 "83S"
"126" 126 20.708884254 212.6423192 0 0 0 0 2 1 "S" 0 1 "Sp"
"127" 127 17.9753478288009 227.784494069781 0.169906728844736 0.234615505988526 0.12775118273216 0.144989853238881 2 4 "S" 0 1 "41S"
"128" 128 24.228057804005 209.273540785026 0.16219715316009 0.196068542324208 0.148930173009866 0.131403292968074 2 4 "S" 1 1 "47S"
"129" 129 23.0203561706667 301.546978046667 0 0 0 0 2 1 "F" 0 0 "Dg"
"130" 130 27.0871723806667 278.084473566667 0 0 0 0 2 1 "F" 1 0 "Hl"
"131" 131 22.7491694331765 228.717622860131 0.151644422555848 0.24935568471257 0.111953188471502 0.199510488422417 2 8 "F" 1 0 "810F"
"132" 132 23.3758671217323 218.185716961752 0.148671680080807 0.270194188181351 0.100837529782163 0.208330263109349 2 8 "F" 1 0 "85F"
"133" 133 16.2794481991402 232.091277862181 0.27278439888069 0.218493511498643 0.147006020258469 0.127316931847349 2 4 "S" 1 1 "49S"
"134" 134 13.1740870020667 226.6919102 0 0 0 0 2 1 "S" 0 1 "Am"
"135" 135 23.5517982419918 227.982962799014 0.236900629047768 0.271124770195905 0.174275469792954 0.222936597148819 2 8 "F" 0 0 "87F"
"136" 136 22.1184599365041 234.075992010084 0.178747513280181 0.183578812951635 0.0852751264708022 0.115829038640593 2 8 "F" 0 0 "83F"
"137" 137 17.170215588368 235.005897137351 0.149566468460504 0.153707085839166 0.160185331499493 0.134945960931615 2 4 "M" 1 0 "410M"
"138" 138 18.0884893797676 238.464252601681 0.321572532498791 0.333190264708152 0.207353406425862 0.229746057819332 2 4 "M" 0 0 "48M"
"139" 139 22.4558939493418 222.292452318259 0.208356457741776 0.219396997633614 0.163666722857069 0.169752044490183 2 4 "F" 1 1 "48F"
"140" 140 26.6686721033627 202.641092244893 0.229591084227242 0.281010160217694 0.14017602790548 0.205247874432462 2 4 "F" 0 1 "43F"
"141" 141 17.5793362860028 235.29347041951 0.199758670148864 0.225130563503851 0.118955130596197 0.123599255938798 2 8 "S" 0 1 "85S"
"142" 142 25.5525233781344 211.917723170474 0.203031442977029 0.259108911066404 0.0969746005174531 0.149963337562193 2 4 "F" 1 0 "46F"
"143" 143 17.3090177951716 212.311348773307 0.168669319029817 0.156711973102926 0.129196330680099 0.09602809582281 2 4 "M" 1 0 "42M"
"144" 144 18.6186605667552 262.791139952157 0.180521869537811 0.164522912349451 0.078818618543492 0.0905253236879321 2 4 "M" 1 1 "49M"
"145" 145 17.663652749308 228.544891494252 0.143885926805208 0.171950393918803 0.163123297237924 0.13859270993919 2 4 "M" 1 1 "47M"
"146" 146 24.99033317 186.584193406667 0 0 0 0 2 1 "F" 1 1 "Ga"
"147" 147 20.9388354168714 224.950826202962 0.19295531805222 0.234456168853928 0.131605538156079 0.185335325444362 2 8 "M" 1 1 "81M"
"148" 148 16.3374092446667 359.020131393333 0 0 0 0 2 1 "S" 0 1 "Be"
"149" 149 18.2654106685937 250.346687377063 0.165833706888122 0.164291831884108 0.0714495575150186 0.0802162019345163 2 4 "S" 1 1 "42S"
"150" 150 18.775798605268 222.906981569379 0.148035183097876 0.183498527636958 0.132401231549727 0.111303275066193 2 8 "S" 1 1 "87S"
"151" 151 17.0107953430298 235.294492440582 0.129360731787251 0.150211002160799 0.101184859353683 0.114814228673838 2 4 "M" 1 1 "46M"
"152" 152 18.1898646990965 248.110589804106 0.191415675121698 0.191415675121698 0.138108873613691 0.138108873613691 2 4 "M" 1 1 "45M"
"153" 153 17.7759338845844 234.44642474369 0.149045839379461 0.171281861628237 0.107057957735071 0.102318986058287 2 8 "S" 1 1 "89S"
"154" 154 22.2657273246703 259.521106846917 0.191042288638183 0.258292038068876 0.102334908185243 0.237995163083587 2 8 "F" 0 1 "84F"
"155" 155 14.5461618651097 244.99084464301 0.163799771696451 0.179433445766885 0.0987707268755497 0.115597448133012 2 8 "S" 0 0 "88S"
"156" 156 16.2759245076667 278.504973393333 0 0 0 0 2 1 "F" 1 0 "Hs"
"157" 157 16.3436191933568 241.191533531885 0.156165051450202 0.130343471418294 0.0562744571304293 0.0837250190390619 2 4 "S" 1 1 "410S"
"158" 158 18.7422888081326 223.011434834567 0.164601245690895 0.232980545156374 0.134937339778362 0.181020168731429 2 20 "M" 0 1 "20sp"
"159" 159 20.2555957752387 295.369286639934 0.162377495320613 0.155874167536536 0.176691642716523 0.166688655454968 2 4 "F" 0 0 "42F"
"160" 160 17.4084429477393 228.362363301187 0.153277486468982 0.168328558826098 0.162445802270589 0.117823429930381 2 4 "S" 0 0 "44S"
"161" 161 23.3369419132463 214.065340789874 0.18348171362159 0.199496255983618 0.13187168193092 0.120257562595215 2 8 "F" 0 0 "88F"
"162" 162 16.880295148898 236.11289083433 0.113701817868911 0.172655646940342 0.0734631265631254 0.0822988812751082 2 8 "S" 1 1 "810S"
"163" 163 21.8886628096684 219.457438974942 0.203384086569637 0.188014882419636 0.168298678473733 0.137755730759526 2 8 "M" 1 1 "86M"
"164" 164 14.4158348891333 190.98860328 0 0 0 0 2 1 "S" 0 1 "Pm"
"165" 165 23.4058301383063 291.083703698645 0.149437811130968 0.31757196844443 0.149355203393035 0.381794663322045 2 4 "F" 0 1 "47F"
"166" 166 20.8195109155112 223.899412639975 0.175429751798506 0.183644649181659 0.158587316065258 0.131126367192043 2 20 "M" 1 1 "20sp"
"167" 167 28.42585458 131.305977754667 0 0 0 0 2 1 "F" 0 1 "Ra"
"168" 168 22.1697077713858 255.029504495879 0.164995721583279 0.176563359817707 0.064609407629877 0.101478217495736 2 4 "M" 0 1 "44M"
"169" 169 23.354109502 282.612693806667 0 0 0 0 3 1 "F" 0 1 "Dg"
"170" 170 19.0751633272758 217.584295367171 0.145086757692356 0.15930810863893 0.153500314998603 0.160431308400685 3 8 "M" 1 0 "84M"
"171" 171 19.5790788051269 235.984232267018 0.195402977864968 0.241554280783223 0.151689288109538 0.198988864735996 3 20 "M" 0 1 "20sp"
"172" 172 20.1650952025421 248.766250409616 0.158663628543051 0.152437876426854 0.107710778123893 0.0930687078604633 3 4 "M" 1 0 "49M"
"173" 173 16.3055848251454 228.294172488602 0.161154154569138 0.197335470694984 0.0865733581366636 0.082956498766682 3 4 "S" 1 1 "46S"
"174" 174 17.3926192998369 230.936405108699 0.198564610518641 0.202706175281635 0.150652865991906 0.120583334829146 3 8 "S" 1 0 "82S"
"175" 175 20.4769201167308 220.463488385121 0.112787966490113 0.188482250352236 0.0661802564420379 0.105896726786651 3 4 "S" 0 1 "47S"
"176" 176 16.7508541093333 270.45174984 0 0 0 0 3 1 "S" 1 0 "Dc"
"177" 177 25.2686958689265 217.244116432889 0.173311134642152 0.155322852725021 0.10188427768475 0.100943969662823 3 8 "F" 1 0 "88F"
"178" 178 14.4685556553333 189.375486553333 0 0 0 0 3 1 "S" 1 0 "Pm"
"179" 179 23.9080649182297 276.517185661291 0.126402242284867 0.140996420180268 0.0741859700468159 0.0867799802457323 3 4 "M" 1 0 "44M"
"180" 180 16.0493228382212 244.192964185913 0.167847617713176 0.195557118735131 0.103946483394849 0.115862022019728 3 8 "S" 1 0 "88S"
"181" 181 20.0836865090566 251.29491534512 0.165121197909446 0.153672514498512 0.0884170824731581 0.09352191210745 3 4 "S" 1 0 "42S"
"182" 182 27.1321962553333 193.368882166667 0 0 0 0 3 1 "F" 0 1 "Ga"
"183" 183 22.6463988774311 234.025766897386 0.157083366769156 0.205383264574392 0.12296101918004 0.181836157397199 3 8 "F" 1 0 "83F"
"184" 184 26.9373863971514 217.06342705528 0.263402369048065 0.291103751487111 0.0930504523858671 0.141956278217524 3 4 "F" 1 1 "43F"
"185" 185 18.4329854371608 216.432852678078 0.171391956937273 0.164511315366503 0.113283588118744 0.094975265028497 3 8 "M" 1 1 "89M"
"186" 186 19.418106982201 234.508344865376 0.226021827378026 0.196880747974506 0.186855959785567 0.12162288753818 3 8 "S" 1 1 "85S"
"187" 187 20.1870727130357 219.278812127087 0.193132818609623 0.215809281030506 0.150351842102983 0.132255865398877 3 8 "M" 0 1 "81M"
"188" 188 25.079499776255 282.516268992176 0.096071900643361 0.186939291144791 0.108352308985185 0.218986769167902 3 4 "F" 1 0 "47F"
"189" 189 21.080114584162 211.71696517817 0.168636474290096 0.217663569264316 0.174213235690204 0.204127684010848 3 8 "M" 1 1 "82M"
"190" 190 19.3088376273794 233.996417147341 0.172469133692581 0.197436295389419 0.146931342692322 0.148909689160407 3 20 "M" 1 1 "20sp"
"191" 191 14.7753797696875 227.525143378484 0.148321554892454 0.156180374302659 0.176897411612792 0.148714516527973 3 4 "M" 0 1 "410M"
"192" 192 24.0485129892874 213.19233893273 0.199253515893134 0.229113646396519 0.13760231686053 0.161630836632984 3 8 "F" 1 1 "86F"
"193" 193 15.3391488657124 243.360308658569 0.21456642177353 0.182499506288896 0.189448940321277 0.151069159392741 3 4 "M" 0 1 "46M"
"194" 194 15.6221700417278 214.581541563284 0.179677909074612 0.16656331529934 0.0793872476536206 0.0943697481525573 3 4 "M" 0 0 "42M"
"195" 195 21.5557320560291 193.241766204428 0.177875501073249 0.228668021086648 0.194432796491703 0.14148960504908 3 4 "M" 1 1 "48M"
"196" 196 24.2666355418941 228.144391495003 0.208446471965703 0.194415947833348 0.0884583287362611 0.13304040533765 3 8 "F" 1 1 "84F"
"197" 197 21.044399046 287.859715446667 0 0 0 0 3 1 "F" 1 1 "Lp"
"198" 198 19.18886709 225.440033886667 0 0 0 0 3 1 "S" 0 0 "Sp"
"199" 199 14.5809532187 309.81915972 0 0 0 0 3 1 "S" 0 0 "Fr"
"200" 200 27.273916172523 211.162385272246 0.293325115107713 0.334217925045257 0.21180275990137 0.268159180633123 3 4 "F" 0 0 "46F"
"201" 201 15.0010448696015 251.868914263602 0.188470498406596 0.168830519288283 0.0958811612241958 0.132123555252635 3 4 "S" 1 0 "410S"
"202" 202 21.1506656313333 209.262400146667 0 0 0 0 3 1 "F" 1 0 "Cb"
"203" 203 18.2112375638188 223.888124677946 0.15411037335017 0.192395989770772 0.135033252169554 0.115993867437904 3 8 "S" 1 0 "84S"
"204" 204 20.7451929703087 224.84578454143 0.175626201143239 0.215129372336189 0.148381113827293 0.136966296741113 3 8 "S" 1 0 "83S"
"205" 205 22.3236438524163 208.564882923842 0.160165288537832 0.261924466964161 0.122497480583652 0.180668443217999 3 8 "F" 0 1 "81F"
"206" 206 26.0581206410795 221.994932243477 0.22840117817376 0.264055571775088 0.141173446455178 0.215884028659511 3 8 "F" 0 1 "87F"
"207" 207 20.7675869188274 226.049950914381 0.103736944632744 0.129924744675789 0.0521903443006121 0.0651951140435258 3 4 "M" 0 0 "41M"
"208" 208 19.8163084974192 228.64564526289 0.206030000301198 0.220217364414587 0.208466558060502 0.178509772254049 3 4 "S" 1 1 "41S"
"209" 209 18.2057574227552 225.117235848957 0.130340406819184 0.208963600672649 0.0952594285000698 0.115692213358528 3 4 "S" 0 1 "43S"
"210" 210 18.567825065 230.04527202 0 0 0 0 3 1 "F" 1 0 "As"
"211" 211 16.259393046087 229.844405405587 0.143655337035061 0.189093435503502 0.132266869179312 0.124457445480781 3 8 "S" 0 0 "81S"
"212" 212 21.4588111626667 210.81580276 0 0 0 0 3 1 "F" 0 1 "To"
"213" 213 17.1197294407841 219.624499661705 0.121979977000443 0.148650848772414 0.102054378471201 0.0960579953462266 3 8 "S" 0 0 "89S"
"214" 214 22.7369307273243 269.203071258367 0.165128309244721 0.192178757118855 0.0836295532593623 0.118221393927901 3 4 "F" 0 1 "45F"
"215" 215 18.7391025926988 253.786340605567 0.368293156392061 0.410596129592263 0.300100460963954 0.404824322800244 3 4 "M" 1 0 "45M"
"216" 216 19.66939743 295.520385186667 0 0 0 0 3 1 "S" 1 0 "Hp"
"217" 217 22.3112032873677 237.626146757849 0.201944420987071 0.173566531424726 0.1284037573323 0.0916275977175927 3 8 "M" 1 1 "85M"
"218" 218 22.7516213472309 298.864805292983 0.161826602076643 0.215989402184655 0.162792870830481 0.178805904690102 3 4 "F" 0 0 "49F"
"219" 219 24.5015214206667 298.755960273333 0 0 0 0 3 1 "F" 0 0 "Hl"
"220" 220 24.0954113626611 207.067585477025 0.202269945737093 0.177245166035264 0.106682300872252 0.0859749668197574 3 4 "F" 1 1 "410F"
"221" 221 22.7568838564874 230.659338519828 0.16933208065171 0.294656815125122 0.0660697601087574 0.248598689208849 3 4 "F" 0 1 "48F"
"222" 222 17.4757836419905 229.258216153499 0.173518977503555 0.175997157450927 0.125470893478821 0.132364036718588 3 8 "M" 1 1 "87M"
"223" 223 22.7737447792068 214.77463203625 0.211980047752161 0.192160285309237 0.220110324193413 0.153801524263053 3 4 "S" 1 1 "44S"
"224" 224 16.52894293 349.210548025 0 0 0 0 3 1 "S" 1 0 "Be"
"225" 225 18.1074431214714 217.332595388996 0.165441380829169 0.24551018307607 0.118978807244074 0.104402016179003 3 4 "S" 0 1 "45S"
"226" 226 17.4836020391172 231.093541630478 0.124339714200321 0.185639292562097 0.160234450027551 0.167043411334733 3 4 "M" 0 0 "47M"
"227" 227 18.3821859721915 243.653119618635 0.173263192080957 0.181516222436444 0.118971727818994 0.113216946434968 3 8 "S" 1 0 "810S"
"228" 228 25.5552192127805 264.812266461421 0.127274577862895 0.183817443051236 0.106411193134206 0.142391564893876 3 8 "F" 1 0 "82F"
"229" 229 16.3204645273333 232.61264054 0 0 0 0 3 1 "S" 1 1 "Am"
"230" 230 18.3636993207344 226.267349576589 0.141282321380048 0.186874219402607 0.104686903206968 0.115535573877462 3 8 "S" 0 1 "87S"
"231" 231 22.3987329089423 230.06130913275 0.231020212199021 0.278127646596999 0.186387862791187 0.254700973284696 3 8 "M" 1 0 "83M"
"232" 232 36.249997802 339.581895926667 0 0 0 0 3 1 "F" 1 0 "Pt"
"233" 233 20.120734181409 247.206942095923 0.184300208410145 0.199475913194522 0.145380717280362 0.152341082598314 3 20 "M" 1 1 "20sp"
"234" 234 25.1573413953333 200.951704226667 0 0 0 0 3 1 "S" 1 1 "Cj"
"235" 235 26.6641115035681 219.490015179295 0.228750209923843 0.213207025591301 0.105824600440146 0.117340638062653 3 4 "F" 0 0 "41F"
"236" 236 17.3347378166944 235.866001193411 0.208586552733247 0.219100436774628 0.134433544823225 0.149667788252723 3 8 "M" 0 1 "88M"
"237" 237 25.1272379629941 289.328764939794 0.084670782471343 0.127152259928173 0.117346244417954 0.192830868048013 3 4 "F" 1 1 "42F"
"238" 238 22.8432770145102 286.931967371555 0.102514936477134 0.199102738313688 0.109483912867564 0.156289930364044 3 4 "M" 1 0 "43M"
"239" 239 22.3032108562863 273.531116845063 0.123860048743136 0.140694599193539 0.0810429268983862 0.0700637711500798 3 4 "F" 1 0 "44F"
"240" 240 20.211985647879 243.554426307084 0.180370336911842 0.169242008740972 0.150396234966337 0.137457419102468 3 8 "M" 1 0 "86M"
"241" 241 23.7419983590795 264.416874630048 0.141380895017362 0.191701800846225 0.137138930467579 0.156237900968563 3 8 "M" 1 0 "810M"
"242" 242 25.3623913713333 294.704653126667 0 0 0 0 3 1 "S" 0 0 "Ao"
"243" 243 22.7384207996068 249.995857069878 0.233233611866458 0.25300259291316 0.144473804992551 0.201001374339194 3 8 "F" 0 0 "89F"
"244" 244 18.2280394242632 225.489760916799 0.159746410886653 0.169396795074285 0.0783485446306527 0.0646295825780521 3 4 "S" 1 1 "48S"
"245" 245 14.7108708473813 272.282042053372 0.27402588466803 0.227119441542604 0.115962850474094 0.104951603269723 3 4 "S" 1 0 "49S"
"246" 246 22.970915516075 234.898805329044 0.187194918977695 0.243912521522641 0.111310916408555 0.190203156701288 3 8 "F" 1 1 "810F"
"247" 247 21.2583053329296 231.223754624613 0.168140424550217 0.211735825113764 0.111451383283222 0.166970227242134 3 20 "M" 0 0 "20sp"
"248" 248 35.2474810173333 109.243116489333 0 0 0 0 3 1 "F" 1 1 "Ra"
"249" 249 22.0393991525528 261.455655907905 0.223722634200911 0.278999974113362 0.13466286401836 0.215029366268885 3 8 "F" 0 0 "85F"
"250" 250 20.4268831173333 204.288535506667 0 0 0 0 3 1 "S" 0 0 "Pg"
"251" 251 14.5563040222 244.88583158 0 0 0 0 3 1 "F" 1 1 "Hs"
"252" 252 17.8701697570497 234.096341807952 0.163464847919852 0.210132948288568 0.116826941659808 0.125820311841927 3 8 "S" 0 1 "86S"
"253" 253 18.3853666640814 261.062380697622 0.236230262144526 0.338535078280438 0.146212237301503 0.293115236619043 4 4 "M" 0 0 "45M"
"254" 254 16.8934962977485 241.111948182383 0.176109630983908 0.195138359080566 0.1154314322668 0.108925115417125 4 8 "S" 0 1 "84S"
"255" 255 22.644974039916 217.739853972897 0.132231785839361 0.191567622232705 0.0656052599743388 0.105872963909562 4 4 "F" 0 0 "48F"
"256" 256 18.5644626603395 221.982135611392 0.126167607917751 0.153132132959642 0.0793184177699195 0.0910343230471173 4 4 "S" 0 0 "48S"
"257" 257 15.530424140277 257.509920726256 0.28656362499357 0.249199637360593 0.132541109378904 0.169988773860394 4 4 "S" 0 1 "49S"
"258" 258 14.9536080430124 244.973075658705 0.1762337933875 0.192219030966836 0.114328390860066 0.127697807302315 4 8 "S" 0 0 "82S"
"259" 259 23.0152460241438 225.175099654097 0.233493146488897 0.229336485031188 0.159179564773443 0.148083156153531 4 4 "F" 0 0 "410F"
"260" 260 17.0671254242049 233.42508718943 0.0970215959470063 0.140392600635856 0.104234532326502 0.138384229939435 4 4 "M" 1 1 "410M"
"261" 261 23.9588322256282 304.136227079318 0.106621897235173 0.149661695793253 0.105773642168238 0.174886428661865 4 4 "F" 0 0 "47F"
"262" 262 14.984097576 218.20070736 0 0 0 0 4 1 "S" 1 1 "Pg"
"263" 263 24.0661829017612 226.415533112514 0.233638957534082 0.235485576835649 0.190171917192067 0.20799068532515 4 8 "F" 0 0 "81F"
"264" 264 18.9438817048117 300.149976066648 0.239073675447718 0.276632101851228 0.193094256670236 0.15225240342419 4 4 "M" 0 1 "43M"
"265" 265 13.407052901308 234.385773005891 0.146811431887702 0.148513975832615 0.143684022252295 0.114379391370929 4 4 "M" 0 0 "46M"
"266" 266 20.926322042258 209.156523387138 0.244539541216229 0.229905116125221 0.198569834726456 0.17266847535332 4 4 "S" 1 0 "41S"
"267" 267 25.1733163714998 212.932395159224 0.243082428729909 0.257427313219919 0.163939517981164 0.195943133520182 4 8 "F" 1 1 "87F"
"268" 268 15.9754826268435 230.465400498961 0.129057206363846 0.171678746412542 0.101542411869577 0.160671514607546 4 8 "M" 1 0 "87M"
"269" 269 18.2214102785487 232.007627848532 0.162691177094838 0.166316428665297 0.116417277797117 0.120092194706113 4 8 "M" 1 0 "89M"
"270" 270 21.7305870925874 276.791892430657 0.133531082487498 0.173237517632759 0.100591068114385 0.124408653835428 4 4 "F" 1 1 "44F"
"271" 271 21.2913615247273 223.624207199985 0.20904173019905 0.199913039291193 0.179249315531233 0.129211171165131 4 8 "S" 1 1 "83S"
"272" 272 15.3311587909456 228.344011069416 0.109728685350724 0.13782466737557 0.0500332581454677 0.0808180106544745 4 4 "S" 1 0 "46S"
"273" 273 22.3251350020943 207.381492772413 0.127158715393196 0.134628944736767 0.115221271833729 0.0947232613619834 4 4 "M" 1 0 "41M"
"274" 274 15.077011346 174.614716873333 0 0 0 0 4 1 "S" 1 1 "Pm"
"275" 275 11.7731922826 326.6085046 0 0 0 0 4 1 "S" 1 0 "Fr"
"276" 276 19.7143615793228 236.55020247001 0.203850367727106 0.205065788817291 0.0798979888888106 0.0904872149888411 4 8 "M" 0 1 "85M"
"277" 277 25.4718187721969 214.768300470874 0.22314667794549 0.21823136134572 0.16565700627906 0.151880104244987 4 8 "F" 0 0 "86F"
"278" 278 22.973893536 324.09610914 0 0 0 0 4 1 "S" 0 1 "Ao"
"279" 279 23.1589372266667 215.407313513333 0 0 0 0 4 1 "S" 1 0 "Sp"
"280" 280 21.0876793732656 224.907579132829 0.230954362726953 0.230481515615631 0.194998251210715 0.154461646554691 4 8 "M" 0 0 "88M"
"281" 281 12.6526275622 232.916086786667 0 0 0 0 4 1 "S" 0 0 "Am"
"282" 282 16.4416457441026 265.93542025737 0.22929150532129 0.223512377894777 0.126790009688326 0.133080868060681 4 8 "S" 0 1 "88S"
"283" 283 18.0964324132172 229.265326939681 0.255527735912445 0.181279552417288 0.131880025879511 0.110347296767418 4 4 "M" 1 1 "42M"
"284" 284 18.2940204759085 215.104466412148 0.1645996309676 0.210679683530616 0.123955269420419 0.0896027335746997 4 4 "S" 0 0 "45S"
"285" 285 15.5637048113534 254.792859598255 0.203786670029332 0.209639721731471 0.108300559360459 0.10436797614579 4 8 "S" 0 1 "810S"
"286" 286 22.1131215353333 192.430518146667 0 0 0 0 4 1 "F" 0 0 "Cb"
"287" 287 22.7031859499896 287.827344147629 0.211829554363004 0.273426210874451 0.131362624527643 0.250523578736857 4 4 "F" 0 1 "49F"
"288" 288 17.9636473922658 225.535578134092 0.158697333325231 0.175203884221966 0.125645626099156 0.100732786453717 4 8 "S" 1 0 "89S"
"289" 289 23.2363969380333 286.167761073542 0.183686298443503 0.216578080111182 0.203642290386506 0.257880125628712 4 4 "F" 1 0 "42F"
"290" 290 18.9140184983481 243.809352267263 0.169418901617088 0.198836109478901 0.122975211895626 0.148994218560572 4 20 "M" 0 0 "20sp"
"291" 291 21.7763678566256 210.65594866001 0.176237442980524 0.241885592380487 0.152649607718625 0.217162228954146 4 8 "M" 1 0 "82M"
"292" 292 42.1854730323333 298.92013251 0 0 0 0 4 1 "F" 0 1 "Pt"
"293" 293 23.4107434264911 221.490577833717 0.194879463485942 0.181407331108359 0.155674244794136 0.112732233098736 4 8 "M" 0 0 "81M"
"294" 294 21.909748986 298.756199193333 0 0 0 0 4 1 "F" 0 1 "Lp"
"295" 295 17.5885467418669 253.787076398195 0.18978303242708 0.213438142685678 0.128065796497655 0.151687923117946 4 20 "M" 0 1 "20sp"
"296" 296 23.2686846452243 268.714886971335 0.212398599867925 0.315697895885386 0.163918155561992 0.235278405780162 4 4 "F" 1 1 "45F"
"297" 297 26.2342344696808 205.25380014156 0.240603515254822 0.291309098082558 0.0923922825775944 0.16539341196123 4 4 "F" 1 1 "46F"
"298" 298 25.6345085033333 288.86906112 0 0 0 0 4 1 "F" 1 1 "Dg"
"299" 299 23.0077561573333 290.8579658 0 0 0 0 4 1 "F" 0 1 "Hl"
"300" 300 25.2382623337043 203.884705868501 0.195960463807653 0.258135188805771 0.165435289965369 0.205450840004907 4 8 "F" 0 0 "810F"
"301" 301 23.3460751253879 215.170761285581 0.1842725831475 0.246367410155001 0.130658510146342 0.177123251626235 4 8 "F" 1 1 "85F"
"302" 302 23.2187462145066 256.245089223248 0.207145576342597 0.186991705200578 0.123255003552865 0.135425495391742 4 4 "M" 1 1 "44M"
"303" 303 17.3651888344573 221.369049577379 0.15715491166392 0.205635318374324 0.187456200367595 0.209338296602598 4 8 "M" 0 0 "84M"
"304" 304 26.1551188734036 210.746261302019 0.204774387691234 0.203540780574998 0.126646825998542 0.123355614972759 4 8 "F" 0 0 "82F"
"305" 305 24.8413924320547 203.329491306309 0.161795916051334 0.181053908335931 0.11466026775181 0.121842281255833 4 4 "F" 1 0 "41F"
"306" 306 18.4144616361245 235.64673864541 0.190428553677319 0.200281505402812 0.139020075072868 0.157432444619471 4 8 "M" 0 1 "86M"
"307" 307 19.7366994619977 235.091650227173 0.186808493430686 0.188217020686775 0.137896400404631 0.103701540202654 4 8 "S" 1 1 "81S"
"308" 308 19.9605317636423 233.238393819256 0.182852192828155 0.186353710519587 0.162483419402709 0.139495477610916 4 20 "M" 1 0 "20sp"
"309" 309 13.7309889349373 261.922067279536 0.222066834269801 0.214098313966031 0.0819275029632567 0.123018366511801 4 4 "S" 0 1 "410S"
"310" 310 18.2450862648773 213.4718830551 0.246733759117875 0.260852710732188 0.235999364813869 0.1890870680329 4 4 "M" 0 1 "48M"
"311" 311 24.3020460032397 260.710224289482 0.236228589861885 0.22433506144567 0.173812733993901 0.16805411564219 4 8 "F" 0 0 "84F"
"312" 312 17.5748472630542 236.740417625947 0.175103469411543 0.185381874192231 0.096944289245277 0.0938637229556808 4 4 "S" 0 1 "42S"
"313" 313 34.3485599186667 137.615070908667 0 0 0 0 4 1 "F" 0 0 "Ra"
"314" 314 17.3386343773757 237.809180663136 0.186613784689114 0.209998134300887 0.147833844518794 0.142849758764397 4 4 "S" 1 0 "44S"
"315" 315 18.897730333 251.07577685 0 0 0 0 4 1 "F" 1 1 "As"
"316" 316 20.5280571286931 221.376973324055 0.0760676255303963 0.14971731394061 0.0570119449680507 0.12375020512722 4 4 "S" 0 0 "47S"
"317" 317 24.5781310300996 214.522590700139 0.179558588909327 0.232787561258023 0.12476645428856 0.150081318289166 4 8 "F" 0 1 "89F"
"318" 318 21.3899288766667 203.98627654 0 0 0 0 4 1 "F" 0 0 "To"
"319" 319 18.3270772944627 227.204435920118 0.168378606609991 0.180590189533192 0.198017691181112 0.163956753283649 4 4 "M" 1 0 "47M"
"320" 320 19.45583542965 235.723457182043 0.171140728712838 0.179267079080895 0.151333600184432 0.13159939731732 4 8 "S" 1 1 "86S"
"321" 321 17.7187692927667 258.30500108 0 0 0 0 4 1 "S" 0 1 "Dc"
"322" 322 20.4645133607654 263.249751440288 0.176403487041696 0.182638277045307 0.0933995644582835 0.0998177848341933 4 4 "M" 0 0 "49M"
"323" 323 22.3188367619876 246.79838186939 0.164166733311851 0.182024698572824 0.0834175428614337 0.147023490989507 4 8 "F" 1 1 "83F"
"324" 324 18.9982247675586 216.58654455817 0.142143815504464 0.196278551343248 0.107980815851037 0.117570312042377 4 8 "S" 0 0 "85S"
"325" 325 20.2774143154865 251.265288465887 0.234671049146931 0.301510590373734 0.150118724081312 0.270580731587307 4 8 "M" 0 1 "83M"
"326" 326 23.667586083972 229.00579399085 0.214123907159672 0.263480880975299 0.146562715054156 0.180345053437038 4 4 "F" 1 0 "43F"
"327" 327 22.0729426062222 197.532699972222 0 0 0 0 4 1 "S" 1 0 "Cj"
"328" 328 19.2781389244622 229.890942297975 0.168273938264891 0.217203274669852 0.134006930834439 0.159435561089386 4 20 "M" 0 1 "20sp"
"329" 329 14.1353386565 317.931362833333 0 0 0 0 4 1 "F" 0 0 "Hs"
"330" 330 17.097438424 305.7320266 0 0 0 0 4 1 "S" 1 1 "Hp"
"331" 331 20.9009467875384 234.847189771898 0.135001095113239 0.159841120385953 0.0598466244094457 0.0893683991254857 4 4 "S" 0 0 "43S"
"332" 332 23.5583627952259 262.508665708666 0.141893799201886 0.161484244374836 0.0841351780668296 0.0878026432016897 4 8 "F" 1 1 "88F"
"333" 333 18.1436008785908 252.346987129276 0.194969975720009 0.187237738248393 0.12651611261673 0.128859094969124 4 8 "M" 1 1 "810M"
"334" 334 28.543126266 183.69493392 0 0 0 0 4 1 "F" 0 0 "Ga"
"335" 335 16.8250301845333 353.186737213333 0 0 0 0 4 1 "S" 0 0 "Be"
"336" 336 18.4420643018384 220.739852825023 0.159686590672312 0.18363805546295 0.154185483110063 0.12214196551664 4 8 "S" 1 0 "87S"
