"Am" "Ao" "As" "Be" "Cb" "Cj" "Dc" "Dg" "Fr" "Ga" "Hl" "Hp" "Hs" "Lp" "Pg" "Pm" "Pt" "Ra" "Sp" "To" "Block" "Plot_Nr"
"1" 0 0 0 0 0 1 0 1 0 0 0 0 0 0 0 0 0 0 1 1 1 1
"2" 0 0 0 0 0 0 1 0 0 0 0 0 0 1 0 1 0 0 0 1 1 2
"3" 0 1 0 1 1 1 0 0 0 0 1 1 0 1 0 0 0 0 0 1 1 3
"4" 0 0 0 0 0 0 0 1 0 0 0 0 0 0 0 0 0 0 0 0 1 4
"5" 0 1 0 0 0 0 0 1 0 0 0 1 0 0 0 0 0 1 0 0 1 5
"6" 0 0 0 0 0 0 0 0 0 0 0 0 0 0 0 1 0 0 0 0 1 6
"7" 0 0 0 0 0 0 0 1 0 0 1 0 1 0 0 0 1 0 0 0 1 7
"8" 0 1 0 0 0 0 0 0 0 0 0 0 0 0 0 0 0 0 0 0 1 8
"9" 0 0 0 0 0 0 0 1 0 0 0 0 1 1 0 0 0 0 0 1 1 9
"10" 0 1 0 0 0 1 1 0 0 0 0 0 0 0 0 0 0 0 1 0 1 10
"11" 0 1 0 1 0 1 1 0 1 0 0 0 0 0 1 1 0 0 1 0 1 11
"12" 0 0 1 0 1 0 0 1 0 1 0 0 1 1 0 0 1 1 0 0 1 12
"13" 0 0 1 0 1 0 0 0 0 1 1 0 0 0 0 0 0 0 0 0 1 13
"14" 1 0 0 0 0 0 1 0 0 0 0 0 0 1 0 0 0 0 0 1 1 14
"15" 0 0 0 0 0 0 1 0 0 0 0 1 0 0 1 0 0 0 1 0 1 15
"16" 0 0 0 0 0 0 1 0 0 0 0 0 0 0 0 0 0 0 0 0 1 16
"17" 0 0 0 0 0 0 0 0 0 0 0 0 0 0 0 0 0 1 0 0 1 17
"18" 0 0 0 1 0 0 1 0 1 1 0 0 0 1 0 0 1 0 1 1 1 18
"19" 0 0 0 0 1 0 0 1 0 0 0 0 0 0 0 0 1 0 0 1 1 19
"20" 0 0 0 0 0 0 0 0 0 0 0 0 0 0 0 0 1 0 0 0 1 20
"21" 1 1 1 1 1 1 1 1 1 1 1 1 1 1 1 1 1 1 1 1 1 21
"22" 0 1 0 0 0 1 0 0 0 0 0 1 0 0 1 0 0 0 0 0 1 22
"23" 1 0 0 0 0 1 0 0 1 0 0 1 0 0 0 0 0 0 0 0 1 23
"24" 0 0 0 0 0 0 0 1 0 0 0 0 0 1 0 0 1 0 0 1 1 24
"25" 0 0 0 0 0 0 0 0 0 0 0 1 0 0 1 1 0 0 1 0 1 25
"26" 0 0 0 0 0 0 0 0 0 0 1 0 0 0 0 0 0 0 0 0 1 26
"27" 0 0 0 0 0 0 0 1 0 0 0 0 1 1 0 0 0 1 0 0 1 27
"28" 0 1 0 1 0 1 1 0 1 0 0 1 0 0 1 1 0 0 0 0 1 28
"29" 1 0 0 1 0 1 1 0 0 0 0 1 0 0 1 1 0 0 1 0 1 29
"30" 1 0 0 0 0 0 0 0 0 0 0 0 0 0 0 0 0 0 0 0 1 30
"31" 0 0 1 0 0 0 0 0 0 0 0 0 0 0 0 0 0 0 0 0 1 31
"32" 0 0 0 0 0 0 0 0 0 0 0 0 0 1 0 0 0 0 0 0 1 32
"33" 0 0 0 0 0 0 0 0 1 0 0 0 0 0 0 0 1 1 1 0 1 33
"34" 0 1 0 0 1 0 0 1 0 1 0 1 0 0 1 0 0 1 1 0 1 34
"35" 0 0 0 1 1 0 1 1 0 0 1 1 0 0 1 0 0 1 0 0 1 35
"36" 0 0 1 0 1 0 0 1 0 0 1 0 1 1 0 0 1 0 0 1 1 36
"37" 0 1 0 0 0 0 1 0 1 0 0 0 0 0 0 1 0 0 0 0 1 37
"38" 0 1 0 0 0 0 1 1 0 0 0 0 0 0 0 0 0 0 0 1 1 38
"39" 0 0 0 0 1 0 0 0 0 0 0 1 0 1 1 0 0 0 0 0 1 39
"40" 0 0 1 0 0 0 0 0 0 1 1 0 1 1 0 0 1 1 0 1 1 40
"41" 1 1 0 1 0 1 1 0 1 0 0 1 0 0 0 1 0 0 0 0 1 41
"42" 0 0 0 1 0 1 1 0 0 0 0 0 0 0 0 1 0 0 0 0 1 42
"43" 1 1 1 1 1 1 1 1 1 1 1 1 1 1 1 1 1 1 1 1 1 43
"44" 1 1 1 0 0 0 0 1 0 0 1 0 0 0 1 1 0 1 0 0 1 44
"45" 0 0 0 1 0 0 0 0 0 0 0 0 0 0 0 0 0 0 0 0 1 45
"46" 1 1 0 0 0 0 0 0 1 0 0 1 0 0 0 0 0 0 0 0 1 46
"47" 0 0 0 0 0 0 0 0 0 0 0 0 0 0 1 0 0 0 0 0 1 47
"48" 0 0 1 0 1 0 0 1 0 1 1 0 1 0 0 0 1 0 0 1 1 48
"49" 0 0 1 0 0 0 1 0 0 0 1 1 1 0 1 1 0 0 0 1 1 49
"50" 1 1 0 1 0 0 1 0 1 0 0 1 0 0 0 1 0 0 1 0 1 50
"51" 1 0 0 1 0 1 1 0 1 0 0 0 0 0 1 1 0 0 1 0 1 51
"52" 0 0 0 0 0 0 0 0 0 0 0 0 0 0 0 0 0 0 0 1 1 52
"53" 0 0 0 0 0 0 0 1 0 1 0 0 1 0 0 0 0 1 0 0 1 53
"54" 1 1 0 1 0 1 1 0 0 0 0 0 0 0 1 1 0 0 1 0 1 54
"55" 1 1 0 0 0 0 1 0 0 0 0 0 0 0 0 1 0 0 0 0 1 55
"56" 0 0 0 0 0 1 0 0 0 0 0 0 0 0 0 0 0 0 0 0 1 56
"57" 1 1 0 1 0 1 0 0 1 0 0 1 0 0 1 0 0 0 1 0 1 57
"58" 0 0 1 0 0 0 0 1 0 1 0 0 0 0 0 0 0 1 0 0 1 58
"59" 1 1 1 1 1 1 1 1 1 1 1 1 1 1 1 1 1 1 1 1 1 59
"60" 0 0 0 0 1 0 0 0 0 0 0 0 0 0 0 0 0 0 0 0 1 60
"61" 0 0 1 0 0 0 0 1 0 1 1 0 1 1 0 0 1 0 0 1 1 61
"62" 1 1 0 1 0 0 0 0 1 0 0 1 0 0 1 1 0 0 1 0 1 62
"63" 0 0 1 0 1 0 0 1 0 1 1 0 1 1 0 0 0 0 0 1 1 63
"64" 0 0 0 0 1 0 0 0 0 1 1 0 0 1 0 0 0 0 0 0 1 64
"65" 0 0 1 0 1 0 0 1 0 1 0 0 0 1 0 0 1 1 0 1 1 65
"66" 1 0 1 0 0 0 0 1 0 0 0 0 0 0 0 0 0 0 1 0 1 66
"67" 0 0 0 0 0 0 0 0 0 0 0 1 0 0 0 0 0 0 0 0 1 67
"68" 0 1 0 0 0 1 0 0 1 0 0 0 0 0 1 0 0 0 0 0 1 68
"69" 0 0 1 0 1 0 0 1 0 1 1 0 1 0 0 0 0 1 0 1 1 69
"70" 0 0 0 0 0 1 0 0 1 1 0 0 1 0 0 1 1 0 1 1 1 70
"71" 0 0 0 0 0 0 0 0 1 0 0 0 0 0 0 0 0 0 0 0 1 71
"72" 0 0 0 0 0 0 1 1 0 1 1 1 0 1 1 1 0 0 0 0 1 72
"73" 0 0 1 1 0 0 1 0 0 1 0 0 0 1 1 1 0 1 0 0 1 73
"74" 0 0 0 0 0 0 0 1 0 0 0 0 1 1 0 0 1 0 0 0 1 74
"75" 0 0 0 1 0 0 0 0 0 1 0 0 0 0 0 1 0 0 0 1 1 75
"76" 1 1 1 0 1 0 0 0 0 1 0 0 1 0 0 1 0 0 1 0 1 76
"77" 1 0 0 0 0 0 0 0 0 1 0 0 0 1 0 0 0 0 1 0 1 77
"78" 0 0 0 0 0 0 0 0 0 1 0 0 0 0 0 0 0 0 0 0 1 78
"79" 0 0 0 0 0 0 0 0 0 0 0 0 0 0 0 0 0 0 1 0 1 79
"80" 0 0 1 0 1 0 0 0 0 1 0 0 1 1 0 0 1 1 0 1 1 80
"81" 0 0 0 0 0 0 0 0 0 0 0 0 1 0 0 0 0 0 0 0 1 81
"82" 1 1 0 1 0 1 1 0 0 0 0 1 0 0 0 1 0 0 1 0 1 82
"83" 1 1 1 1 1 1 1 1 1 1 1 1 1 1 1 1 1 1 1 1 1 83
"84" 0 0 1 0 1 0 0 0 0 1 1 0 0 1 0 0 1 1 0 1 1 84
"85" 1 0 0 1 0 1 1 0 1 0 0 0 0 0 1 1 0 0 1 0 2 85
"86" 0 0 1 0 1 0 0 1 0 1 1 0 1 0 0 0 1 0 0 1 2 86
"87" 0 0 1 1 0 0 1 0 0 1 0 0 0 1 1 1 0 1 0 0 2 87
"88" 0 0 0 0 0 0 0 0 0 0 0 0 0 0 1 0 0 0 0 0 2 88
"89" 0 0 1 0 1 0 0 0 0 1 0 0 1 1 0 0 1 1 0 1 2 89
"90" 1 1 1 0 0 0 0 1 0 0 1 0 0 0 1 1 0 1 0 0 2 90
"91" 0 1 0 0 0 0 0 0 0 0 0 0 0 0 0 0 0 0 0 0 2 91
"92" 0 1 0 0 0 1 0 0 0 0 0 1 0 0 1 0 0 0 0 0 2 92
"93" 0 0 0 0 0 0 0 0 0 0 0 0 0 1 0 0 0 0 0 0 2 93
"94" 0 0 1 0 1 0 0 1 0 1 1 0 1 0 0 0 0 1 0 1 2 94
"95" 0 0 0 0 0 0 1 0 0 0 0 0 0 0 0 0 0 0 0 0 2 95
"96" 0 0 0 0 0 1 0 0 0 0 0 0 0 0 0 0 0 0 0 0 2 96
"97" 0 0 0 0 0 0 0 0 1 0 0 0 0 0 0 0 0 0 0 0 2 97
"98" 1 1 0 1 0 1 1 0 0 0 0 1 0 0 0 1 0 0 1 0 2 98
"99" 1 1 1 1 1 1 1 1 1 1 1 1 1 1 1 1 1 1 1 1 2 99
"100" 0 0 0 1 1 0 1 1 0 0 1 1 0 0 1 0 0 1 0 0 2 100
"101" 0 0 0 0 0 0 0 1 0 0 0 0 1 1 0 0 0 0 0 1 2 101
"102" 0 0 1 0 1 0 0 0 0 1 1 0 0 0 0 0 0 0 0 0 2 102
"103" 0 0 1 0 1 0 0 0 0 1 1 0 0 1 0 0 1 1 0 1 2 103
"104" 0 0 0 0 0 0 0 1 0 0 0 0 1 1 0 0 0 1 0 0 2 104
"105" 1 1 1 0 1 0 0 0 0 1 0 0 1 0 0 1 0 0 1 0 2 105
"106" 0 0 0 0 0 0 0 1 0 0 0 0 0 1 0 0 1 0 0 1 2 106
"107" 0 0 0 1 0 0 1 0 1 1 0 0 0 1 0 0 1 0 1 1 2 107
"108" 0 0 0 0 0 1 0 1 0 0 0 0 0 0 0 0 0 0 1 1 2 108
"109" 0 0 0 0 0 0 0 0 0 0 0 1 0 0 1 1 0 0 1 0 2 109
"110" 0 0 0 0 0 1 0 0 1 1 0 0 1 0 0 1 1 0 1 1 2 110
"111" 0 1 0 0 0 0 0 1 0 0 0 1 0 0 0 0 0 1 0 0 2 111
"112" 1 1 0 0 0 0 1 0 0 0 0 0 0 0 0 1 0 0 0 0 2 112
"113" 0 0 0 0 1 0 0 0 0 0 0 0 0 0 0 0 0 0 0 0 2 113
"114" 0 0 0 0 0 0 0 0 0 0 0 0 0 0 0 0 1 0 0 0 2 114
"115" 0 0 0 0 0 0 0 0 0 0 0 0 0 0 0 0 0 0 0 1 2 115
"116" 0 0 0 0 1 0 0 0 0 1 1 0 0 1 0 0 0 0 0 0 2 116
"117" 1 1 1 1 1 1 1 1 1 1 1 1 1 1 1 1 1 1 1 1 2 117
"118" 1 1 0 1 0 1 0 0 1 0 0 1 0 0 1 0 0 0 1 0 2 118
"119" 0 0 1 0 0 0 0 0 0 0 0 0 0 0 0 0 0 0 0 0 2 119
"120" 1 1 0 1 0 1 1 0 1 0 0 1 0 0 0 1 0 0 0 0 2 120
"121" 0 0 0 0 0 0 0 0 0 0 0 1 0 0 0 0 0 0 0 0 2 121
"122" 0 0 1 0 0 0 1 0 0 0 1 1 1 0 1 1 0 0 0 1 2 122
"123" 0 1 0 1 1 1 0 0 0 0 1 1 0 1 0 0 0 0 0 1 2 123
"124" 0 0 0 1 0 1 1 0 0 0 0 0 0 0 0 1 0 0 0 0 2 124
"125" 0 1 0 1 0 1 1 0 1 0 0 0 0 0 1 1 0 0 1 0 2 125
"126" 0 0 0 0 0 0 0 0 0 0 0 0 0 0 0 0 0 0 1 0 2 126
"127" 0 1 0 0 0 1 0 0 1 0 0 0 0 0 1 0 0 0 0 0 2 127
"128" 0 1 0 0 0 1 1 0 0 0 0 0 0 0 0 0 0 0 1 0 2 128
"129" 0 0 0 0 0 0 0 1 0 0 0 0 0 0 0 0 0 0 0 0 2 129
"130" 0 0 0 0 0 0 0 0 0 0 1 0 0 0 0 0 0 0 0 0 2 130
"131" 0 0 1 0 1 0 0 1 0 1 0 0 0 1 0 0 1 1 0 1 2 131
"132" 0 0 1 0 1 0 0 1 0 1 0 0 1 1 0 0 1 1 0 0 2 132
"133" 0 1 0 0 0 0 1 0 1 0 0 0 0 0 0 1 0 0 0 0 2 133
"134" 1 0 0 0 0 0 0 0 0 0 0 0 0 0 0 0 0 0 0 0 2 134
"135" 0 0 1 0 0 0 0 0 0 1 1 0 1 1 0 0 1 1 0 1 2 135
"136" 0 0 1 0 1 0 0 1 0 0 1 0 1 1 0 0 1 0 0 1 2 136
"137" 1 0 1 0 0 0 0 1 0 0 0 0 0 0 0 0 0 0 1 0 2 137
"138" 0 0 0 1 0 0 0 0 0 1 0 0 0 0 0 1 0 0 0 1 2 138
"139" 0 0 0 0 1 0 0 1 0 0 0 0 0 0 0 0 1 0 0 1 2 139
"140" 0 0 1 0 0 0 0 1 0 1 0 0 0 0 0 0 0 1 0 0 2 140
"141" 0 1 0 1 0 1 1 0 1 0 0 1 0 0 1 1 0 0 0 0 2 141
"142" 0 0 0 0 0 0 0 1 0 1 0 0 1 0 0 0 0 1 0 0 2 142
"143" 0 0 0 0 0 0 1 0 0 0 0 0 0 1 0 1 0 0 0 1 2 143
"144" 0 0 0 0 1 0 0 0 0 0 0 1 0 1 1 0 0 0 0 0 2 144
"145" 1 0 0 0 0 0 0 0 0 1 0 0 0 1 0 0 0 0 1 0 2 145
"146" 0 0 0 0 0 0 0 0 0 1 0 0 0 0 0 0 0 0 0 0 2 146
"147" 0 1 0 0 1 0 0 1 0 1 0 1 0 0 1 0 0 1 1 0 2 147
"148" 0 0 0 1 0 0 0 0 0 0 0 0 0 0 0 0 0 0 0 0 2 148
"149" 0 0 0 0 0 0 1 0 0 0 0 1 0 0 1 0 0 0 1 0 2 149
"150" 1 1 0 1 0 1 1 0 0 0 0 0 0 0 1 1 0 0 1 0 2 150
"151" 1 0 0 0 0 0 1 0 0 0 0 0 0 1 0 0 0 0 0 1 2 151
"152" 0 0 0 0 0 0 0 0 1 0 0 0 0 0 0 0 1 1 1 0 2 152
"153" 1 0 0 1 0 1 1 0 0 0 0 1 0 0 1 1 0 0 1 0 2 153
"154" 0 0 1 0 0 0 0 1 0 1 1 0 1 1 0 0 1 0 0 1 2 154
"155" 1 1 0 1 0 0 1 0 1 0 0 1 0 0 0 1 0 0 1 0 2 155
"156" 0 0 0 0 0 0 0 0 0 0 0 0 1 0 0 0 0 0 0 0 2 156
"157" 1 1 0 0 0 0 0 0 1 0 0 1 0 0 0 0 0 0 0 0 2 157
"158" 1 1 1 1 1 1 1 1 1 1 1 1 1 1 1 1 1 1 1 1 2 158
"159" 0 0 0 0 0 0 0 1 0 0 0 0 1 1 0 0 1 0 0 0 2 159
"160" 1 0 0 0 0 1 0 0 1 0 0 1 0 0 0 0 0 0 0 0 2 160
"161" 0 0 1 0 1 0 0 1 0 1 1 0 1 1 0 0 0 0 0 1 2 161
"162" 1 1 0 1 0 0 0 0 1 0 0 1 0 0 1 1 0 0 1 0 2 162
"163" 0 0 0 0 0 0 1 1 0 1 1 1 0 1 1 1 0 0 0 0 2 163
"164" 0 0 0 0 0 0 0 0 0 0 0 0 0 0 0 1 0 0 0 0 2 164
"165" 0 0 0 0 0 0 0 1 0 0 1 0 1 0 0 0 1 0 0 0 2 165
"166" 1 1 1 1 1 1 1 1 1 1 1 1 1 1 1 1 1 1 1 1 2 166
"167" 0 0 0 0 0 0 0 0 0 0 0 0 0 0 0 0 0 1 0 0 2 167
"168" 0 1 0 0 0 0 1 1 0 0 0 0 0 0 0 0 0 0 0 1 2 168
"169" 0 0 0 0 0 0 0 1 0 0 0 0 0 0 0 0 0 0 0 0 3 169
"170" 1 1 1 0 1 0 0 0 0 1 0 0 1 0 0 1 0 0 1 0 3 170
"171" 1 1 1 1 1 1 1 1 1 1 1 1 1 1 1 1 1 1 1 1 3 171
"172" 0 0 0 0 1 0 0 0 0 0 0 1 0 1 1 0 0 0 0 0 3 172
"173" 1 1 0 0 0 0 1 0 0 0 0 0 0 0 0 1 0 0 0 0 3 173
"174" 1 1 0 1 0 1 1 0 1 0 0 1 0 0 0 1 0 0 0 0 3 174
"175" 0 1 0 0 0 1 1 0 0 0 0 0 0 0 0 0 0 0 1 0 3 175
"176" 0 0 0 0 0 0 1 0 0 0 0 0 0 0 0 0 0 0 0 0 3 176
"177" 0 0 1 0 1 0 0 1 0 1 1 0 1 1 0 0 0 0 0 1 3 177
"178" 0 0 0 0 0 0 0 0 0 0 0 0 0 0 0 1 0 0 0 0 3 178
"179" 0 1 0 0 0 0 1 1 0 0 0 0 0 0 0 0 0 0 0 1 3 179
"180" 1 1 0 1 0 0 1 0 1 0 0 1 0 0 0 1 0 0 1 0 3 180
"181" 0 0 0 0 0 0 1 0 0 0 0 1 0 0 1 0 0 0 1 0 3 181
"182" 0 0 0 0 0 0 0 0 0 1 0 0 0 0 0 0 0 0 0 0 3 182
"183" 0 0 1 0 1 0 0 1 0 0 1 0 1 1 0 0 1 0 0 1 3 183
"184" 0 0 1 0 0 0 0 1 0 1 0 0 0 0 0 0 0 1 0 0 3 184
"185" 0 0 1 0 0 0 1 0 0 0 1 1 1 0 1 1 0 0 0 1 3 185
"186" 0 1 0 1 0 1 1 0 1 0 0 1 0 0 1 1 0 0 0 0 3 186
"187" 0 1 0 0 1 0 0 1 0 1 0 1 0 0 1 0 0 1 1 0 3 187
"188" 0 0 0 0 0 0 0 1 0 0 1 0 1 0 0 0 1 0 0 0 3 188
"189" 0 0 0 0 0 1 0 0 1 1 0 0 1 0 0 1 1 0 1 1 3 189
"190" 1 1 1 1 1 1 1 1 1 1 1 1 1 1 1 1 1 1 1 1 3 190
"191" 1 0 1 0 0 0 0 1 0 0 0 0 0 0 0 0 0 0 1 0 3 191
"192" 0 0 1 0 1 0 0 0 0 1 1 0 0 1 0 0 1 1 0 1 3 192
"193" 1 0 0 0 0 0 1 0 0 0 0 0 0 1 0 0 0 0 0 1 3 193
"194" 0 0 0 0 0 0 1 0 0 0 0 0 0 1 0 1 0 0 0 1 3 194
"195" 0 0 0 1 0 0 0 0 0 1 0 0 0 0 0 1 0 0 0 1 3 195
"196" 0 0 1 0 0 0 0 1 0 1 1 0 1 1 0 0 1 0 0 1 3 196
"197" 0 0 0 0 0 0 0 0 0 0 0 0 0 1 0 0 0 0 0 0 3 197
"198" 0 0 0 0 0 0 0 0 0 0 0 0 0 0 0 0 0 0 1 0 3 198
"199" 0 0 0 0 0 0 0 0 1 0 0 0 0 0 0 0 0 0 0 0 3 199
"200" 0 0 0 0 0 0 0 1 0 1 0 0 1 0 0 0 0 1 0 0 3 200
"201" 1 1 0 0 0 0 0 0 1 0 0 1 0 0 0 0 0 0 0 0 3 201
"202" 0 0 0 0 1 0 0 0 0 0 0 0 0 0 0 0 0 0 0 0 3 202
"203" 1 0 0 1 0 1 1 0 1 0 0 0 0 0 1 1 0 0 1 0 3 203
"204" 0 1 0 1 0 1 1 0 1 0 0 0 0 0 1 1 0 0 1 0 3 204
"205" 0 0 1 0 1 0 0 0 0 1 0 0 1 1 0 0 1 1 0 1 3 205
"206" 0 0 1 0 0 0 0 0 0 1 1 0 1 1 0 0 1 1 0 1 3 206
"207" 0 0 0 0 0 1 0 1 0 0 0 0 0 0 0 0 0 0 1 1 3 207
"208" 0 1 0 0 0 1 0 0 1 0 0 0 0 0 1 0 0 0 0 0 3 208
"209" 0 1 0 0 0 1 0 0 0 0 0 1 0 0 1 0 0 0 0 0 3 209
"210" 0 0 1 0 0 0 0 0 0 0 0 0 0 0 0 0 0 0 0 0 3 210
"211" 1 1 0 1 0 1 1 0 0 0 0 1 0 0 0 1 0 0 1 0 3 211
"212" 0 0 0 0 0 0 0 0 0 0 0 0 0 0 0 0 0 0 0 1 3 212
"213" 1 0 0 1 0 1 1 0 0 0 0 1 0 0 1 1 0 0 1 0 3 213
"214" 0 0 0 0 0 0 0 1 0 0 0 0 1 1 0 0 0 1 0 0 3 214
"215" 0 0 0 0 0 0 0 0 1 0 0 0 0 0 0 0 1 1 1 0 3 215
"216" 0 0 0 0 0 0 0 0 0 0 0 1 0 0 0 0 0 0 0 0 3 216
"217" 0 1 0 1 1 1 0 0 0 0 1 1 0 1 0 0 0 0 0 1 3 217
"218" 0 0 0 0 0 0 0 1 0 0 0 0 0 1 0 0 1 0 0 1 3 218
"219" 0 0 0 0 0 0 0 0 0 0 1 0 0 0 0 0 0 0 0 0 3 219
"220" 0 0 0 0 1 0 0 0 0 1 1 0 0 1 0 0 0 0 0 0 3 220
"221" 0 0 0 0 1 0 0 1 0 0 0 0 0 0 0 0 1 0 0 1 3 221
"222" 1 1 1 0 0 0 0 1 0 0 1 0 0 0 1 1 0 1 0 0 3 222
"223" 1 0 0 0 0 1 0 0 1 0 0 1 0 0 0 0 0 0 0 0 3 223
"224" 0 0 0 1 0 0 0 0 0 0 0 0 0 0 0 0 0 0 0 0 3 224
"225" 0 0 0 1 0 1 1 0 0 0 0 0 0 0 0 1 0 0 0 0 3 225
"226" 1 0 0 0 0 0 0 0 0 1 0 0 0 1 0 0 0 0 1 0 3 226
"227" 1 1 0 1 0 0 0 0 1 0 0 1 0 0 1 1 0 0 1 0 3 227
"228" 0 0 1 0 1 0 0 1 0 1 1 0 1 0 0 0 1 0 0 1 3 228
"229" 1 0 0 0 0 0 0 0 0 0 0 0 0 0 0 0 0 0 0 0 3 229
"230" 1 1 0 1 0 1 1 0 0 0 0 0 0 0 1 1 0 0 1 0 3 230
"231" 0 0 0 1 0 0 1 0 1 1 0 0 0 1 0 0 1 0 1 1 3 231
"232" 0 0 0 0 0 0 0 0 0 0 0 0 0 0 0 0 1 0 0 0 3 232
"233" 1 1 1 1 1 1 1 1 1 1 1 1 1 1 1 1 1 1 1 1 3 233
"234" 0 0 0 0 0 1 0 0 0 0 0 0 0 0 0 0 0 0 0 0 3 234
"235" 0 0 1 0 1 0 0 0 0 1 1 0 0 0 0 0 0 0 0 0 3 235
"236" 0 0 1 1 0 0 1 0 0 1 0 0 0 1 1 1 0 1 0 0 3 236
"237" 0 0 0 0 0 0 0 1 0 0 0 0 1 1 0 0 1 0 0 0 3 237
"238" 0 1 0 0 0 0 0 1 0 0 0 1 0 0 0 0 0 1 0 0 3 238
"239" 0 0 0 0 0 0 0 1 0 0 0 0 1 1 0 0 0 0 0 1 3 239
"240" 0 0 0 0 0 0 1 1 0 1 1 1 0 1 1 1 0 0 0 0 3 240
"241" 0 0 0 1 1 0 1 1 0 0 1 1 0 0 1 0 0 1 0 0 3 241
"242" 0 1 0 0 0 0 0 0 0 0 0 0 0 0 0 0 0 0 0 0 3 242
"243" 0 0 1 0 1 0 0 1 0 1 1 0 1 0 0 0 0 1 0 1 3 243
"244" 0 0 0 0 0 0 0 0 0 0 0 1 0 0 1 1 0 0 1 0 3 244
"245" 0 1 0 0 0 0 1 0 1 0 0 0 0 0 0 1 0 0 0 0 3 245
"246" 0 0 1 0 1 0 0 1 0 1 0 0 0 1 0 0 1 1 0 1 3 246
"247" 1 1 1 1 1 1 1 1 1 1 1 1 1 1 1 1 1 1 1 1 3 247
"248" 0 0 0 0 0 0 0 0 0 0 0 0 0 0 0 0 0 1 0 0 3 248
"249" 0 0 1 0 1 0 0 1 0 1 0 0 1 1 0 0 1 1 0 0 3 249
"250" 0 0 0 0 0 0 0 0 0 0 0 0 0 0 1 0 0 0 0 0 3 250
"251" 0 0 0 0 0 0 0 0 0 0 0 0 1 0 0 0 0 0 0 0 3 251
"252" 1 1 0 1 0 1 0 0 1 0 0 1 0 0 1 0 0 0 1 0 3 252
"253" 0 0 0 0 0 0 0 0 1 0 0 0 0 0 0 0 1 1 1 0 4 253
"254" 1 0 0 1 0 1 1 0 1 0 0 0 0 0 1 1 0 0 1 0 4 254
"255" 0 0 0 0 1 0 0 1 0 0 0 0 0 0 0 0 1 0 0 1 4 255
"256" 0 0 0 0 0 0 0 0 0 0 0 1 0 0 1 1 0 0 1 0 4 256
"257" 0 1 0 0 0 0 1 0 1 0 0 0 0 0 0 1 0 0 0 0 4 257
"258" 1 1 0 1 0 1 1 0 1 0 0 1 0 0 0 1 0 0 0 0 4 258
"259" 0 0 0 0 1 0 0 0 0 1 1 0 0 1 0 0 0 0 0 0 4 259
"260" 1 0 1 0 0 0 0 1 0 0 0 0 0 0 0 0 0 0 1 0 4 260
"261" 0 0 0 0 0 0 0 1 0 0 1 0 1 0 0 0 1 0 0 0 4 261
"262" 0 0 0 0 0 0 0 0 0 0 0 0 0 0 1 0 0 0 0 0 4 262
"263" 0 0 1 0 1 0 0 0 0 1 0 0 1 1 0 0 1 1 0 1 4 263
"264" 0 1 0 0 0 0 0 1 0 0 0 1 0 0 0 0 0 1 0 0 4 264
"265" 1 0 0 0 0 0 1 0 0 0 0 0 0 1 0 0 0 0 0 1 4 265
"266" 0 1 0 0 0 1 0 0 1 0 0 0 0 0 1 0 0 0 0 0 4 266
"267" 0 0 1 0 0 0 0 0 0 1 1 0 1 1 0 0 1 1 0 1 4 267
"268" 1 1 1 0 0 0 0 1 0 0 1 0 0 0 1 1 0 1 0 0 4 268
"269" 0 0 1 0 0 0 1 0 0 0 1 1 1 0 1 1 0 0 0 1 4 269
"270" 0 0 0 0 0 0 0 1 0 0 0 0 1 1 0 0 0 0 0 1 4 270
"271" 0 1 0 1 0 1 1 0 1 0 0 0 0 0 1 1 0 0 1 0 4 271
"272" 1 1 0 0 0 0 1 0 0 0 0 0 0 0 0 1 0 0 0 0 4 272
"273" 0 0 0 0 0 1 0 1 0 0 0 0 0 0 0 0 0 0 1 1 4 273
"274" 0 0 0 0 0 0 0 0 0 0 0 0 0 0 0 1 0 0 0 0 4 274
"275" 0 0 0 0 0 0 0 0 1 0 0 0 0 0 0 0 0 0 0 0 4 275
"276" 0 1 0 1 1 1 0 0 0 0 1 1 0 1 0 0 0 0 0 1 4 276
"277" 0 0 1 0 1 0 0 0 0 1 1 0 0 1 0 0 1 1 0 1 4 277
"278" 0 1 0 0 0 0 0 0 0 0 0 0 0 0 0 0 0 0 0 0 4 278
"279" 0 0 0 0 0 0 0 0 0 0 0 0 0 0 0 0 0 0 1 0 4 279
"280" 0 0 1 1 0 0 1 0 0 1 0 0 0 1 1 1 0 1 0 0 4 280
"281" 1 0 0 0 0 0 0 0 0 0 0 0 0 0 0 0 0 0 0 0 4 281
"282" 1 1 0 1 0 0 1 0 1 0 0 1 0 0 0 1 0 0 1 0 4 282
"283" 0 0 0 0 0 0 1 0 0 0 0 0 0 1 0 1 0 0 0 1 4 283
"284" 0 0 0 1 0 1 1 0 0 0 0 0 0 0 0 1 0 0 0 0 4 284
"285" 1 1 0 1 0 0 0 0 1 0 0 1 0 0 1 1 0 0 1 0 4 285
"286" 0 0 0 0 1 0 0 0 0 0 0 0 0 0 0 0 0 0 0 0 4 286
"287" 0 0 0 0 0 0 0 1 0 0 0 0 0 1 0 0 1 0 0 1 4 287
"288" 1 0 0 1 0 1 1 0 0 0 0 1 0 0 1 1 0 0 1 0 4 288
"289" 0 0 0 0 0 0 0 1 0 0 0 0 1 1 0 0 1 0 0 0 4 289
"290" 1 1 1 1 1 1 1 1 1 1 1 1 1 1 1 1 1 1 1 1 4 290
"291" 0 0 0 0 0 1 0 0 1 1 0 0 1 0 0 1 1 0 1 1 4 291
"292" 0 0 0 0 0 0 0 0 0 0 0 0 0 0 0 0 1 0 0 0 4 292
"293" 0 1 0 0 1 0 0 1 0 1 0 1 0 0 1 0 0 1 1 0 4 293
"294" 0 0 0 0 0 0 0 0 0 0 0 0 0 1 0 0 0 0 0 0 4 294
"295" 1 1 1 1 1 1 1 1 1 1 1 1 1 1 1 1 1 1 1 1 4 295
"296" 0 0 0 0 0 0 0 1 0 0 0 0 1 1 0 0 0 1 0 0 4 296
"297" 0 0 0 0 0 0 0 1 0 1 0 0 1 0 0 0 0 1 0 0 4 297
"298" 0 0 0 0 0 0 0 1 0 0 0 0 0 0 0 0 0 0 0 0 4 298
"299" 0 0 0 0 0 0 0 0 0 0 1 0 0 0 0 0 0 0 0 0 4 299
"300" 0 0 1 0 1 0 0 1 0 1 0 0 0 1 0 0 1 1 0 1 4 300
"301" 0 0 1 0 1 0 0 1 0 1 0 0 1 1 0 0 1 1 0 0 4 301
"302" 0 1 0 0 0 0 1 1 0 0 0 0 0 0 0 0 0 0 0 1 4 302
"303" 1 1 1 0 1 0 0 0 0 1 0 0 1 0 0 1 0 0 1 0 4 303
"304" 0 0 1 0 1 0 0 1 0 1 1 0 1 0 0 0 1 0 0 1 4 304
"305" 0 0 1 0 1 0 0 0 0 1 1 0 0 0 0 0 0 0 0 0 4 305
"306" 0 0 0 0 0 0 1 1 0 1 1 1 0 1 1 1 0 0 0 0 4 306
"307" 1 1 0 1 0 1 1 0 0 0 0 1 0 0 0 1 0 0 1 0 4 307
"308" 1 1 1 1 1 1 1 1 1 1 1 1 1 1 1 1 1 1 1 1 4 308
"309" 1 1 0 0 0 0 0 0 1 0 0 1 0 0 0 0 0 0 0 0 4 309
"310" 0 0 0 1 0 0 0 0 0 1 0 0 0 0 0 1 0 0 0 1 4 310
"311" 0 0 1 0 0 0 0 1 0 1 1 0 1 1 0 0 1 0 0 1 4 311
"312" 0 0 0 0 0 0 1 0 0 0 0 1 0 0 1 0 0 0 1 0 4 312
"313" 0 0 0 0 0 0 0 0 0 0 0 0 0 0 0 0 0 1 0 0 4 313
"314" 1 0 0 0 0 1 0 0 1 0 0 1 0 0 0 0 0 0 0 0 4 314
"315" 0 0 1 0 0 0 0 0 0 0 0 0 0 0 0 0 0 0 0 0 4 315
"316" 0 1 0 0 0 1 1 0 0 0 0 0 0 0 0 0 0 0 1 0 4 316
"317" 0 0 1 0 1 0 0 1 0 1 1 0 1 0 0 0 0 1 0 1 4 317
"318" 0 0 0 0 0 0 0 0 0 0 0 0 0 0 0 0 0 0 0 1 4 318
"319" 1 0 0 0 0 0 0 0 0 1 0 0 0 1 0 0 0 0 1 0 4 319
"320" 1 1 0 1 0 1 0 0 1 0 0 1 0 0 1 0 0 0 1 0 4 320
"321" 0 0 0 0 0 0 1 0 0 0 0 0 0 0 0 0 0 0 0 0 4 321
"322" 0 0 0 0 1 0 0 0 0 0 0 1 0 1 1 0 0 0 0 0 4 322
"323" 0 0 1 0 1 0 0 1 0 0 1 0 1 1 0 0 1 0 0 1 4 323
"324" 0 1 0 1 0 1 1 0 1 0 0 1 0 0 1 1 0 0 0 0 4 324
"325" 0 0 0 1 0 0 1 0 1 1 0 0 0 1 0 0 1 0 1 1 4 325
"326" 0 0 1 0 0 0 0 1 0 1 0 0 0 0 0 0 0 1 0 0 4 326
"327" 0 0 0 0 0 1 0 0 0 0 0 0 0 0 0 0 0 0 0 0 4 327
"328" 1 1 1 1 1 1 1 1 1 1 1 1 1 1 1 1 1 1 1 1 4 328
"329" 0 0 0 0 0 0 0 0 0 0 0 0 1 0 0 0 0 0 0 0 4 329
"330" 0 0 0 0 0 0 0 0 0 0 0 1 0 0 0 0 0 0 0 0 4 330
"331" 0 1 0 0 0 1 0 0 0 0 0 1 0 0 1 0 0 0 0 0 4 331
"332" 0 0 1 0 1 0 0 1 0 1 1 0 1 1 0 0 0 0 0 1 4 332
"333" 0 0 0 1 1 0 1 1 0 0 1 1 0 0 1 0 0 1 0 0 4 333
"334" 0 0 0 0 0 0 0 0 0 1 0 0 0 0 0 0 0 0 0 0 4 334
"335" 0 0 0 1 0 0 0 0 0 0 0 0 0 0 0 0 0 0 0 0 4 335
"336" 1 1 0 1 0 1 1 0 0 0 0 0 0 0 1 1 0 0 1 0 4 336
